3 0.13180590323517302 0.9984557244443935 0.12916458840606904 0.7744414342438499 -0.0018079820166039776 0.7759857097994565 0.0008333328125000011 1
3 0.12916666718750008 0.5548961421875 0.000007685085961441768 0.5543958370180133 -0.0008333078054354071 0.7715068972912418 0.12832567429610323 0.7720072024607285
3 0.13354747229379657 0.5503213929591706 0.13219981132217 0.4390516598260176 -0.00047839382586659996 0.44065861289248637 0.0008692671457599492 0.5519283460256393
3 0.13545936259163618 0.43459312174440423 0.13416523960355412 0.3262900230781193 -0.0004607901755820841 0.327898681021215 0.0008333328125000004 0.43620177968750007
3 0.1370379930761144 0.32362212858455564 0.1347237092593409 0.21053466224685874 -0.001420250758773292 0.21332078677175095 0.0008940330580001904 0.3264082531094478
3 0.13500000000000004 1.627759700677506e-17 9.08491790128415e-20 8.011231112530425e-18 1.3082280342716137e-17 0.212166171875 0.13500000000000006 0.212166171875
3 0.4665459240314185 0.08093670037970571 0.46442499163312656 -0.0036425380369195653 0.14166666718749998 0.0044510390625 0.14378759958579193 0.08903027747912529
3 0.46675860197116215 0.1926906250117555 0.4630592845620584 0.07591921807310784 0.13883811357921494 0.08619054265213776 0.14253743098831867 0.20296194959078542
3 0.4644046842968005 0.3115363657713845 0.46322207507802143 0.19529574777118427 0.13965365596823862 0.19858766932088173 0.14083626518701772 0.314828287321082
3 0.46429725884096235 0.4242840126095486 0.4632312909385002 0.3111262023003142 0.13823217825927153 0.31418775520150577 0.13929814616173364 0.4273455655107402
3 0.4602274122561637 0.6542938192662101 0.4591666671875001 0.427299703125 0.13397404777372324 0.4288193304760208 0.1350347928423869 0.6558134466172308
3 0.4626783668421191 0.6587774102624624 0.1333469138467385 0.6572700918465888 0.13229387757374825 0.8873462072768641 0.46162533056912886 0.8888535256927378
3 0.46166666718749994 0.9985163203125001 0.46115729117904813 0.8872236171796919 0.13333333281249998 0.8887240359375002 0.13384270882095184 1.0000167390703083
3 0.8003360018185415 0.6602207658036947 0.7998049595477584 0.5430011629832913 0.46494626297028646 0.5445181799185423 0.4654773052410695 0.6617377827389459
3 0.7983925928363521 0.5407781749672401 0.7958333328125 0.31750741874999994 0.4666248881617351 0.32128099853350495 0.4691841481855873 0.544551754750745
3 0.8035367009449729 0.5460742714553403 0.4654237024653539 0.5425539108383302 0.4618237719414723 0.8883092001875512 0.7999367704210913 0.8918295608045612
3 0.80206585479066 0.9985070556269736 0.801606532621032 0.896086644069866 0.4666664995883646 0.8975887409695844 0.46712582175799244 1.0000091525266919
3 0.7981623162859584 0.3129185870101931 0.7966440703192157 0.20461958257176457 0.4693150868457573 0.20920841431157147 0.4708333328124999 0.31750741875
3 0.7971374545877522 0.19871887453986345 0.7949857991644638 0.09277256819736793 0.46702783832490463 0.09943304131258794 0.469179493748193 0.20537934765508345
3 0.7950000000000002 0.004451039062500069 0.4683333328125 0.0014836796875000568 0.46751134930117805 0.09197309475089574 0.7941780164886781 0.09494045412589575
3 0.9999999999999998 0.0014836796875001093 0.7971993448273222 -0.000002202844309254215 0.7966451954630624 0.07563086486432649 0.99944585063574 0.07711674739613586
3 1.0058331359163324 0.18065833786790636 0.999551549722554 0.06120501576385281 0.7953850809937217 0.07194133727094647 0.8016666671875001 0.191394659375
3 1 0.18842730000000013 0.8016666671875001 0.18842730000000013 0.8016666671875001 0.3041543031250001 1 0.3041543031250001
3 1.0005043711116344 0.4220962446730633 0.9991431408335509 0.3035898178640399 0.8015158346933362 0.30585987426636174 0.8028770649714196 0.42436630107538525
3 1.0000706475489503 0.5384937953233446 0.9991300982202386 0.42280153779900037 0.8032494004239435 0.424393999237322 0.8041899497526555 0.5400862567616662
3 1.0000210538358445 0.6570390459231037 0.9991665883270031 0.5459838160941253 0.8050000000000003 0.5474777453125 0.8058544655088417 0.6585329751414785
3 1 0.7729970328125 0.9974999999999999 0.6617210687500001 0.8012657156218375 0.6661297990187387 0.8037657156218374 0.7774057630812385
3 1.0000182317366728 0.8972230998586349 0.9991666671875002 0.777448071875 0.8049992662355526 0.778828543898586 0.8058508307847252 0.8986035718822212
3 1.0000000000000002 0.9985163203124999 0.9991666671875002 0.8931750734375001 0.8049769412696299 0.8947112681879739 0.8058102740821299 1.0000525150629738