3 0.33528550468749996 0.18017578125000006 0.33199352953760364 -0.005401003086255506 -0.0017747877950056515 0.0005197644839529689 0.0015171873548907137 0.18609654882020854
3 0.34192192928127363 0.3854187747939579 0.33815845883961154 0.1804097380155692 -0.003645255708053157 0.18668442813052732 0.0001182147336089262 0.39169346490891604
3 0.3456575111305584 0.5931752231521905 0.34187039073041225 0.3855396769298287 -0.002263521908331409 0.39181642763387536 0.0015235984918148065 0.5994519738562372
3 0.3530452801921062 0.7959733760117131 0.3457724972889261 0.5877617603093229 -0.005633124473352935 0.6000362762598982 0.0016396584298270845 0.8082478919622884
3 0.3560931887925206 0.999196324706981 0.34772432200978753 0.7967231126684815 -0.005602256426409579 0.8113272325713611 0.0027666103563234344 1.0138004446098605
3 0.703395660505725 0.9768452737783816 0.6987300748661909 0.8299510492479744 0.34924256871524684 0.8410513079212276 0.35390815435478096 0.9879455324516349
3 0.7001219725542053 0.8318845516688824 0.6950404396558342 0.6220273217708977 0.3481507084712516 0.6304269922610614 0.3532322413696228 0.840284222159046
3 0.6953972274253208 0.6266708850128978 0.6939659669297525 0.4228158022643207 0.34697767902518867 0.42525199675212366 0.3484089395207571 0.6291070795007008
3 0.6925568577651097 0.42444495969487417 0.6917533270559606 0.22325875093211578 0.3440567789025055 0.2246474388328649 0.3448603096116546 0.42583364759562325
3 0.6866825434330895 0.22192464744623566 0.6862222413096648 0.019720597165301352 0.3352221740712935 0.020519622091100705 0.33568247619471825 0.222723672372035
3 1.000213560195796 0.0004885407089842143 0.5980966328124999 5.620504062164855e-17 0.5978785299782543 0.17952002759975805 0.9999954573615504 0.1800085683087422
3 1.0000396923279795 0.3770386106924431 0.997671159799908 0.1679794239433008 0.6923786305119422 0.17143823050157678 0.6947471630400137 0.38049741725071906
3 1.0000506492934664 0.5782235646026803 0.9977721971062641 0.3761022047131403 0.6978400333920354 0.37948324813576756 0.7001184855792377 0.5816046080253077
3 1.0017816077966566 0.5801072470754874 0.7009741064938378 0.576622250126426 0.698631930424476 0.7787871705937878 0.9994394317272948 0.7822721675428493
3 1.0000932527912734 0.9814999127203514 0.9977841380509416 0.7746049313388323 0.7021069069707743 0.7779049275403289 0.7044160217111061 0.984799908921848