3 0.2792233304842186 0.27079221538285947 0.25228786258968566 0.023711105930359456 -0.004208490385073889 0.05167297357748775 0.022726977509459047 0.29875408302998774
3 0.28034024829113063 0.4818764223576496 0.2670543776456966 0.2526949295246087 0.012134099286413236 0.2674729022191438 0.025419969931847253 0.49665439505218467
3 0.37910562467461906 0.927701171992388 0.29969682188378577 0.4745531274913984 -0.04097143389988339 0.5342511857063742 0.03843736889094997 0.987399230207364
3 0.396091418013641 0.38949007618697395 0.3914890438745994 0.2053950657521503 0.2739583328125 0.20833333281250002 0.2785607069515416 0.3924283432473237
3 0.40781056673347604 0.532905851581771 0.37330509252731353 0.33967518360528937 0.2742802337670611 0.3573581929614266 0.30878570797322363 0.5505888609379082
3 0.2812500000000001 0.425 0.03750000000000006 0.425 0.03750000000000007 0.51805555625 0.2812500000000001 0.51805555625
3 0.8718607554896167 0.08704233472874362 0.37812500000000004 0.07500000000000004 0.3705259533722671 0.3865609316845486 0.8642617088618838 0.39860326641329213
3 0.8413993035940137 0.3590320429137381 0.37335552135105576 0.3006226379208323 0.3342178795589811 0.614238739551341 0.8022616618019391 0.6726481445442467
3 0.8174229507254693 0.567798369111547 0.3746419838924857 0.5078618585456124 0.33291826662720597 0.8160958163811018 0.7756992334601897 0.8760323269470364
3 0.4105019984987681 0.7206077194460175 0.362593746285235 0.5353624888121278 0.30569535213902355 0.5500775916408158 0.3536036043525567 0.7353228222747056
3 0.4748199997475 0.9769622227950002 0.38814833284750005 0.679802221995 0.33513499960750004 0.69526444419 0.4218066665075001 0.9924244449900002
3 0.487837886750209 0.9996631194308959 0.4793075031602584 0.8328467275687317 0.4212679849586536 0.8358146574472576 0.42979836854860415 1.002631049309422
3 0.998888894430263 0.8119555309345806 0.5152033420454487 0.698414320435105 0.4651753137682163 0.9115337189825427 0.9488608661530307 1.0250749294820183