3 0.3097165984375 3.777440397943815e-17 2.111463297686282e-20 1.880973193347362e-17 8.910361243283605e-18 0.14517241406250003 0.3097165984375 0.14517241406250006
3 0.31396029742435344 0.3502828582528961 0.31278692192920726 0.14535767261685256 0.0008667116738809542 0.14714368798640537 0.0020400871690271103 0.35206887362244893
3 0.31829307151551395 0.5599431547966438 0.3170889334229557 0.34611123501119534 -0.00004679442358492651 0.3478971012691159 0.0011573436689733343 0.5617290210545642
3 0.3130155681250918 0.7668036584239413 0.3117847425457755 0.5554580403285654 -0.00020261526748667006 0.5572749789709677 0.001028210311829636 0.7686205970663434
3 0.3129347861418975 0.9660629811009496 0.3102478314818705 0.7591785639954731 -0.0026136575385466267 0.7632419180538788 0.00007329712148043677 0.9701263351593552
3 0.6742663253758645 0.8117752421066919 0.3241961637898827 0.8109957310016698 0.3238540763979959 0.9646235469273249 0.6739242379839777 0.9654030580323469
3 0.6653444358928882 0.6003522159994192 0.32395812919558453 0.5992964811515613 0.3233084682250758 0.8093732440597545 0.6646947749223794 0.8104289789076123
3 0.6639676109375 0.3944827593750001 0.3198380562500001 0.39448275937500005 0.3198380562500001 0.5996551718750001 0.6639676109375 0.5996551718750001
3 0.6640697269658459 0.39327708306565295 0.6636890552745796 0.18824161514148768 0.3156747311524348 0.18888774335866745 0.31605540284370104 0.3939232112828327
3 0.6640724215381948 0.00034595230792354887 0.3190081181162933 -0.0000013446559314900676 0.318818719600902 0.18817958862143808 0.6638830230228036 0.18852688558529312
3 1 1.2246467991473532e-16 0.6670040484374999 1.0207455860423319e-16 0.6670040484374999 0.14586206875000013 1 0.14586206875000013
3 1 0.14689655156250014 0.665991903125 0.14689655156250012 0.665991903125 0.35068965468750013 1 0.35068965468750013
3 1.0014753587809986 0.35414874070397884 0.6680592766590777 0.35170591402216117 0.6665463765220585 0.5581983516892267 0.9999624586439794 0.5606411783710443
3 1.0022119156927944 0.5614302776876336 0.6690477450303106 0.5578496590999851 0.666788767791141 0.768039675157409 0.9999529384536249 0.7716202937450576
3 1.0003448824393666 0.7705810948147425 0.6764295331573107 0.7699987503217092 0.6760771918222945 0.9659802835270197 0.9999925411043502 0.9665626280200531