3 0.2434640515625 1.715906256420585e-17 1.433256981070467e-17 2.2511889915327607e-18 2.866513962140934e-17 0.234068628125 0.2434640515625 0.234068628125
3 0.25653594843750005 0.23529411718749998 2.904033762720558e-17 0.23529411718749998 6.408384593039036e-17 0.8075980390625 0.2565359484375001 0.8075980390625
3 0.2598759380586978 0.9997587017793519 0.2557189546875 0.8014705874999999 -0.003231238539350312 0.80689931252028 0.0009257448318474776 1.005187426799632
3 0.5669934640625002 0.848039215625 0.26470588281250007 0.848039215625 0.26470588281250007 1 0.5669934640625002 1
3 0.5632405990932253 0.8546440941654565 0.560457515625 0.6041666671875 0.26131144071568874 0.6074905135943774 0.264094524183914 0.8579679405723338
3 0.5598113734975372 0.3615237124281044 0.2638888890625001 0.3602941171875001 0.2628680954989885 0.6059650155728745 0.5587905799340256 0.6071946108134788
3 0.5571895421875 5.407856166177609e-17 0.2565359484375 3.566883859987178e-17 0.2565359484375 0.3566176468750001 0.5571895421875 0.3566176468750001
3 0.8529411765624999 0.11642156875000001 0.8521241828124999 0 0.5581242134607535 0.0020631583995948063 0.5589412072107535 0.11848472714959482
3 0.8546089570308316 0.3639676149019736 0.8529406455042052 0.001109985486510466 0.5570600391620949 0.0024703565688574064 0.5587283506887213 0.36532798598432054
3 0.8562098119484706 0.3686868719560845 0.5645250087888932 0.36764699707342363 0.5636601337204545 0.6102443694127431 0.8553449368800319 0.611284244295404
3 0.8578431375000001 0.6090686281250001 0.5672082861463486 0.6065303315896469 0.5645786395948229 0.9076247561261928 0.8552134909484744 0.9101630526615461
3 0.8612976161682221 0.9998143012789573 0.8589034938313425 0.8920788327494401 0.5681973790666546 0.8985389708295465 0.5705915014035342 1.0062744393590637
3 1 0.7598039218750002 0.8627450984375 0.7598039218750002 0.8627450984375 0.9926470593750001 1 0.9926470593750001
3 1.0000160841791599 0.7606390622479842 0.9991830062500002 0.526960784375 0.8603133579787526 0.5274558635071213 0.8611464359079124 0.7611341413801054
3 1.000019963699603 0.526552930725207 0.9991830062499998 0.28676470625 0.8577978079868613 0.2872581975180092 0.8586347654364644 0.5270464219932163
3 1 1.1471058454197827e-16 0.8578431375 1.060059872101055e-16 0.8578431375 0.29044117656250007 1 0.29044117656250007