3 0.5250435670996587 0.05001332550745703 0.1706338076502116 -0.026635524790610127 -0.037412981264380085 0.9353334039893916 0.31699677818506705 1.0119822542874588
3 0.14681093016431518 0.2156292270461191 0.1374131405258249 0.12404549651305466 0.05127409830396516 0.13288458391155072 0.06067188794245543 0.22446831444461512
3 0.14557756030557595 0.29647565505974743 0.14162355401644017 0.21051798978420325 0.055359285634487373 0.21448609965103765 0.05931329192362313 0.3004437649265818
3 0.14577472014017223 0.3778248131099264 0.14468268844048335 0.30824176754500204 0.05966154681559764 0.3095760836998114 0.060753578515286524 0.3791591292647357
3 0.1456204165503649 0.38360866825311657 0.06405665787003328 0.38082944101220406 0.061709559612895856 0.449711234132988 0.14327331829322748 0.45249046137390064
3 0.04538799375 0.4013671875 0.045108748134962254 0.38859793560811573 -0.00012947478402705742 0.38958723204373985 0.0001497708310106885 0.40235648393562407
3 0.06613571143316697 0.29232664726567315 0.0011133921967235645 0.2884785210086587 -0.0049930364239433676 0.3916596862429855 0.06002928281250005 0.3955078125
3 0.054172767187500005 0.2861328125 0.048679033443830434 0.2140627477752052 -0.002565475931169567 0.2179689977752052 0.0029282578125000014 0.2900390625
3 0.0607023193373202 0.10346772572802423 1.214306433183765e-17 0.10253906250000003 -0.0014634429312810851 0.19819739962999644 0.05923887640603911 0.19912606285802065
3 0.06588579843750005 0.376953125 4.6462429830932305e-17 0.376953125 5.094722035515356e-17 0.4501953125 0.06588579843750005 0.4501953125
3 0.2232757371955477 0.5973901557405481 0.2210301229270109 0.4446138578068847 -0.0022443492297528856 0.4478957041878787 0.00000126503878392914 0.6006720021215421
3 0.2327964859375001 0.44921875 5.5312416465395594e-17 0.44921875 8.903804120753951e-17 1 0.2327964859375001 1
3 1 0.0312500000000001 0.22840410000000005 0.031250000000000056 0.2284041000000001 1 1 1