3 0.3854545453125001 0.5683060109375 0.2836363640625001 0.5683060109375 0.2836363640625001 0.595628415625 0.3854545453125001 0.595628415625
3 0.3636363640625001 0.590163934375 0.24000000000000007 0.590163934375 0.24000000000000007 0.6229508203125 0.3636363640625001 0.6229508203125
3 0.3454545453125001 0.6174863390625001 0.2000000000000001 0.6174863390625001 0.2000000000000001 0.6584699453125 0.3454545453125001 0.6584699453125
3 0.3345454546875001 0.6666666671875 0.11272727343750008 0.6666666671875 0.11272727343750008 0.72677595625 0.3345454546875001 0.72677595625
3 0.33696802476405524 0.7270175316792415 0.009835388851881208 0.7169850257381427 0.007272726562500095 0.8005464484375 0.3344053624746741 0.8105789543785988
3 0.3392326321571815 0.8313974296771912 0.0006114019839522311 0.8118260056157766 -0.008759392419249296 0.973957791149382 0.32986183775398 0.9935292152107966
3 0.672308046610643 0.9860214760927857 0.6677692594593114 0.5239066919196415 0.33336340577422885 0.5271911507684353 0.3379021929255606 0.9893059349415797
3 0.6189146558073524 0.5654736559535198 0.6146508767611081 0.5342627954807574 0.5939180397037558 0.5370951504647375 0.5981818187500002 0.5683060109375
3 0.5927272734375 0.5191256828124999 0.4 0.5191256828124999 0.4 0.5683060109375 0.5927272734375 0.5683060109375
3 0.5796717334539824 0.4931052806019425 0.4379509306960264 0.4857615414856162 0.4362273038682516 0.5190244030630827 0.5779481066262075 0.5263681421794091
3 0.7717189198223516 0.6871039059398913 0.7682555364755933 0.4945359452305632 0.5995631741302947 0.49756991991835625 0.603026557477053 0.6901378806276844
3 0.8604287951423609 0.6904072150868714 0.6694317630476746 0.6863072214063017 0.6671847866553137 0.7909819735069306 0.85818181875 0.7950819671875002
3 0.8901754838685001 0.798307510314253 0.6656147348100064 0.7950312510712753 0.6627119775040062 0.9939915001320221 0.8872727265624999 0.9972677593749999
3 1.0038175121961066 0.9997177355515415 0.9886492437587305 0.7945730562633135 0.8672925001355203 0.8035460974864612 0.8824607685728963 1.008690776774689