3 0.08662557514311257 0.28612361931943703 0.001199040625000042 0.2747603828124999 -0.01588217045561246 0.40317350411806296 0.06954436406250007 0.414536740625
3 0.1966426859375 0.4736421718749999 0.1843204442270547 0.29306031833945545 0.0587334118798674 0.30162991566045627 0.07105565359031271 0.48221176919600073
3 0.5889339877773779 0.35568237635542904 0.5837600038850612 0.2857777883590603 0.31178380513497167 0.3059080904144794 0.31695778902728855 0.3758126784108482
3 0.4029712607335657 0.553294776024111 0.39948912114329116 0.32365724984140076 0.19056494451583275 0.32682529976291563 0.19404708410610733 0.5564628259456258
3 0.7376882645199714 0.45855910936586886 0.4146096842306516 0.3509522681145101 0.34755991544017306 0.5522623693835726 0.6706384957294927 0.6598692106349313
3 1.001362235527045 0.38524241759523015 0.6791083451100698 0.38277421772209774 0.6753480283330251 0.8737298829393676 0.9976019187500004 0.8761980828125001
3 0.99760191875 0.6996805109375 0.2110311750000001 0.6996805109374999 0.2110311750000001 1 0.99760191875 1
3 0.6838665383158253 0.5819086941869407 0.4076738609375002 0.5710862625 0.40148279808144566 0.7290846010891496 0.6776754754597708 0.7399070327760902
3 0.2598816288267921 0.5067844927310448 0.1511500059491084 0.4584979267559575 0.14443445760272772 0.4736199892897117 0.25316608048041134 0.5219065552647989
3 0.4100719421875 0.689297125 0.40109522777155693 0.5198723740892085 0.2887009139079117 0.5258274169746546 0.2976776283238547 0.6952521678854462
3 0.3165467625000001 0.4456869015625 6.196595428943952e-17 0.4456869015625 8.862060704715128e-17 0.8809904156249999 0.3165467625000001 0.8809904156249999
3 0.41992377038928924 0.7763505390982625 0.41426196241800745 0.7610514382313944 0.3410769056808993 0.7881353656607649 0.3467387136521811 0.803434466527633
3 0.4124700234375001 0.6533546328125001 0.31055155937500006 0.6533546328125001 0.31055155937500006 0.765974440625 0.41247002343750017 0.765974440625
3 0.7743944952998909 0.17233549384651675 0.7243175927958784 0.048621648406958685 0.35797255990819865 0.196910826789248 0.4080494624122112 0.3206246722288061