3 0.21145843561449906 0.9155740653328921 0.18999183374520504 0.6740747990201164 -0.00491262472493692 0.6913996401113937 0.016553977144357124 0.9328989064241695
3 0.3927311863399572 0.7399286527270671 0.39069655862435815 0.5669852697197861 0.18136605447157822 0.5694479811462859 0.18340068218717726 0.7423913641535669
3 0.3911111109375001 0.7444444437499999 0.1958367832826162 0.7421999115928812 0.19473946948420845 0.8376662267137869 0.39001379713909234 0.8399107588709057
3 0.39975519202434323 0.9196706738791505 0.39513296972946615 0.8295373411602979 0.2033865202716021 0.8393704926361478 0.20800874256647917 0.9295038253550004
3 0.5849892907500188 0.9151700513154429 0.582093720202038 0.8109294953005431 0.3950775300981886 0.8161243886583922 0.3979731006461695 0.920364944673292
3 0.5866666671875 0.7066666671874999 0.39555555625000005 0.7066666671874999 0.39555555625000005 0.81555555625 0.5866666671875002 0.81555555625
3 0.5942688590821064 0.7063099457668818 0.5896772850733523 0.5226469563606594 0.3904684571256441 0.5276271762714656 0.39506003113439814 0.711290165677688
3 0.8118658263292652 0.7818029363514041 0.7976436062555626 0.4546918246562391 0.5700545072858446 0.46458700135980335 0.5842767273595473 0.7916981130549684
3 0.7811865441690329 0.9013781852931126 0.7775698270702882 0.7820265032335005 0.5875759432539587 0.787783892793475 0.5911926603527033 0.9071355748530872
3 0.9660220962170414 0.8951686478426122 0.9642726697565575 0.7674604965462379 0.7672928918025073 0.7701588492530539 0.7690423182629911 0.8978670005494281
3 1.0079800064627074 0.7676847370258943 0.9988327568337129 0.42008919645498555 0.7509342558963147 0.4266128401904704 0.7600815055253091 0.7742083807613793