3 0.04975124375000004 0.312 5.4129388522313e-17 0.312 7.127444371037595e-17 0.592 0.04975124375000006 0.592
3 0.1309433001400389 0.2243407274619905 0.05530406708606843 0.22232475660186496 0.04248465655176954 0.703309080431811 0.11812388960574002 0.7053250512919365
3 0.14427860625000005 0.296 0.08706467656250004 0.296 0.08706467656250005 0.512 0.14427860625000005 0.512
3 0.14179104531250006 0.512 0.08457711406250007 0.512 0.08457711406250008 0.776 0.14179104531250009 0.776
3 0.15544880382743834 0.8231568601048508 0.1484579006966918 0.5758467018653303 0.10236176196917324 0.5771497362527549 0.10935266509991978 0.8244598944922755
3 0.18682803790121166 0.8797455822459563 0.18006714653019448 0.5753432472075692 0.14792237879805975 0.5760571946966914 0.15468327016907693 0.8804595297350784
3 0.18492522911273301 0.8718298329553555 0.1794944325287387 0.48759016107455116 0.14388417879300117 0.48809347205073594 0.14931497537699548 0.8723331439315402
3 0.223880596875 0.17600000000000002 0.14179104531250003 0.176 0.14179104531250003 0.43600000000000005 0.22388059687500003 0.43600000000000005
3 0.2568551482899923 0.4322205078624948 0.175878717577383 0.42961575900900006 0.15913072690331082 0.9502772825086193 0.2401071576159201 0.9528820313621141
3 0.357163341529838 0.5115802287709592 0.35306391999401565 0.02378192235517764 0.23467776648020386 0.024776830990313452 0.23877718801602618 0.5125751374060951
3 0.23880597031250006 0.312 0.20149253749999999 0.312 0.2014925375 0.42800000000000005 0.23880597031250012 0.42800000000000005
3 0.2761194031250001 0.5599999999999999 0.23383084531250006 0.5599999999999999 0.23383084531250006 0.8 0.2761194031250001 0.8
3 0.3532338312500001 0.512 0.2363184078125001 0.512 0.2363184078125001 1 0.3532338312500001 1
3 0.6878574876938919 0.26500626783787584 0.5617685637733582 0.26304593046098146 0.550439066891075 0.9917593077018116 0.6765279908116087 0.9937196450787061
3 0.7960199000000001 0.37600000000000006 0.6815920390625 0.37600000000000006 0.6815920390625001 0.9880000000000001 0.7960199000000002 0.9880000000000001
3 0.75124378125 9.055379630974836e-17 0.619402984375 8.24808758152481e-17 0.619402984375 0.3720000000000001 0.75124378125 0.3720000000000001
3 0.6169154234375 7.151388961848672e-17 0.529850746875 6.618271574493345e-17 0.529850746875 0.44400000000000006 0.6169154234375 0.44400000000000006
3 0.5629350156260156 0.43202474804026414 0.5236376120896103 0.4315359743033415 0.5167710777176953 0.98360526879665 0.5560684812541005 0.9840940425335726