3 0.25286818527940824 0.43077563993839796 0.25203076404081487 0.3291685307722917 -0.0007823053932630716 0.3312521549938212 0.00005511584533034464 0.4328592641599275
3 0.503109127987153 0.43176920974586386 0.5010362598689194 0.32889353245976866 0.2449059884229877 0.33405436627200513 0.24697885654122134 0.43693004355810033
3 0.24144688944161086 0.4802333082221201 0.24049423507662482 0.4284371377040138 0.000144434292421744 0.4328577403190382 0.001097088657407759 0.4846539108371445
3 0.24590775034559792 0.5350523826712582 0.24472126128024452 0.48065642244428586 -0.001114395889655756 0.4860186095973205 0.00007209317569766005 0.5404145698242928
3 0.14759569124818886 0.49691830897835765 0.07723557369555865 0.4944638863015731 0.07650000651944691 0.5155501455952987 0.1468601240720771 0.5180045682720832
3 0.2441763445191471 0.5793650844016835 0.2424500974838582 0.5296762483056221 0.002613404494709004 0.5380084495152783 0.004339651529997901 0.5876972856113397
3 0.2572925188341376 0.6722838623498749 0.2528536798932177 0.5774036562676604 -0.0005208509796661043 0.5892574325263389 0.003917987961253827 0.6841376386085534
3 0.26290023594786255 0.7191845136912478 0.2600654635453836 0.6690730531571043 0.014129074658274274 0.6829855131123969 0.01696384706075318 0.7330969736465404
3 0.26421852968865583 0.7571252089297121 0.2589694172671978 0.6685464146729103 0.014203949580183405 0.683051031354134 0.019453062001641413 0.7716298256109357
3 0.4986259853978859 0.7502737450118057 0.49354810904253876 0.663340501808263 0.2645536835088325 0.676716344421213 0.2696315598641796 0.7636495876247558
3 0.5007941814300219 0.6669222092486342 0.4966614684334373 0.5753465366090499 0.2579361116685843 0.5861199588081891 0.2620688246651689 0.6776956314477734
3 0.5000745196919001 0.5811486216128597 0.49895833281249996 0.483203125 0.2557117901404929 0.4859751626002903 0.2568279770198931 0.5839206592131501
3 0.4889074901241252 0.48344694746026934 0.488513492004749 0.43354051848062153 0.25724089992262406 0.4353663547146822 0.25763489804200024 0.48527278369433
3 0.7488687741478713 0.4244829617113696 0.7451484453501973 0.32121565371778776 0.47174169711880615 0.3310654601927169 0.47546202591648024 0.4343327681862988
3 0.728886594548285 0.46906627914126753 0.7268369922775695 0.42208809350142545 0.49533098953360755 0.4321884245901145 0.49738059180432304 0.47916661022995655
3 0.7410121007345284 0.5697143271322377 0.7395376264211614 0.47076071831271094 0.4955330973449407 0.4743965474124283 0.49700757165830767 0.5733501562319551
3 0.7255398717584888 0.6558075349914239 0.7228443936814497 0.5675555868973933 0.49451025410656524 0.5745295934859836 0.49720573218360437 0.6627815415800142
3 0.7181187572914826 0.7354945864389639 0.7142533166080574 0.6518424858915501 0.4911887464725124 0.6621499720011664 0.49505418715593763 0.7458020725485803
3 0.9276281929477257 0.7196414454123495 0.9227754268176943 0.6370492693053655 0.7011958414813165 0.6500683463839733 0.7060486076113479 0.7326605224909573
3 0.9438284015368481 0.6416050798698102 0.9398810197567098 0.5542363620834455 0.7065306442635565 0.5647793006082211 0.7104780260436949 0.6521480183945858
3 0.940866552916899 0.5562494369718496 0.9395348459557817 0.5128738388097458 0.7214803786384063 0.5195684935080863 0.7228120855995235 0.5629440916701901
3 0.9632430992675161 0.5128640857404458 0.9613760610509556 0.4605870156767516 0.7357523885350319 0.4686450039808917 0.7376194267515924 0.5209220740445859
3 0.9687895637017 0.4596840635438807 0.9662631518883955 0.4123639694233471 0.7252395978261778 0.4252321761669001 0.7277660096394822 0.47255227028743374
3 0.9871139989588027 0.41410613880103864 0.9833184848488242 0.3222908450929866 0.7011898282906339 0.333953643887715 0.7049853424006124 0.42576893759576695
3 0.8575542281124013 0.9994495652586377 0.8565041017022054 0.7376180483832594 0.5004800328219494 0.7390459524104684 0.5015301592321454 1.0008774692858466
3 0.5583864996667658 0.9996038516590586 0.55806375980059 0.7530305939007846 -0.000058988225055119084 0.7537611210578863 0.00026375164112061157 1.00033437881616