3 0.3619075125734245 0.1735535012001364 0.3611633857247279 -0.000013947404404335804 0.08006927596907856 0.0011911730013016702 0.0808134028177752 0.17475862160584243
3 0.3766580418822737 0.2644281134981824 0.37578735849785433 0.1636465117516384 0.06420843282298785 0.1663383383233435 0.06507911620740722 0.2671199400698875
3 0.36774851993049906 0.5491865225226057 0.362956541952309 0.25376103289910973 0.0698275739155823 0.2585157599248371 0.07461955189377237 0.5539412495483331
3 0.3706855283346619 0.8157190706115273 0.36417960593488374 0.537590919807079 0.09580222649093117 0.543868753961831 0.10230814889070936 0.8219969047662794
3 0.3927235610358602 0.9877742543610175 0.3822029917838705 0.7001323686965695 0.07935097415286488 0.7112092520831171 0.08987154340485455 0.9988511377475652
3 0.6181640625 0.53125 0.3642578125000001 0.53125 0.3642578125000001 0.9915364578125001 0.6181640625000001 0.9915364578125001
3 0.62036063162778 0.5340912218006497 0.619034630024268 0.24866891996897444 0.3602572018791996 0.24987113606235964 0.36158320348271167 0.5352934378940348
3 0.6094220796759868 0.0006647649324406469 0.37060546875 4.2153780466236414e-17 0.3699126968222222 0.24887811595168557 0.608729307748209 0.24954288088412618
3 0.8901979165510262 0.2705095416759163 0.8876389054575158 -0.00010566497065498531 0.6219268500267396 0.0024069805896325736 0.62448586112025 0.27302218723620386
3 0.896484375 0.2695312500000001 0.6279296875 0.2695312500000001 0.6279296875 0.5371093750000001 0.896484375 0.5371093750000002
3 0.8833007812500003 0.5364583328125001 0.624791280322927 0.5295091537919208 0.6174188989188142 0.8037617859053408 0.8759283998458874 0.8107109649259201
3 0.8767271495415272 0.9888230291980931 0.8754577402848108 0.6851163785980697 0.6083740923841382 0.6862327138982447 0.6096435016408547 0.989939364498268
3 1 0.6953125000000002 0.861328125 0.6953125000000002 0.861328125 0.994140625 1 0.994140625
3 1 0.46614583281250016 0.8701171875 0.46614583281250016 0.8701171875 0.8131510421874999 1 0.8131510421874999
3 1 0.2278645828125001 0.87939453125 0.2278645828125001 0.87939453125 0.5436197921875002 1 0.5436197921875002
3 1 1.160364801633515e-16 0.8896484375 1.092793957735248e-16 0.8896484375 0.2610677078125001 1 0.2610677078125001
3 0.09667968750000004 0.265625 3.272900459375845e-17 0.265625 4.8794520903527353e-17 0.5279947921875 0.09667968750000007 0.5279947921875
3 0.042238223236785576 0.24149229031100247 0.04174721480196434 -0.00008385962104057973 -0.00048827721570137176 0.000001984874930287384 0.0000027312191198646146 0.24157813480697335
3 0.10644531250000007 0.50390625 6.334517457244227e-17 0.50390625 8.172284948869268e-17 0.8040364578125001 0.10644531250000008 0.8040364578125001
3 0.11085022057897684 0.7422574397648032 0.0012079136854479839 0.7402995414274187 -0.003293395039049954 0.9923728299993027 0.10634891185447892 0.994330728336687