3 0.42230769218750003 3.96361646650441e-17 0.1715384609375 2.4280977846296357e-17 0.17153846093750003 0.2704728953125001 0.42230769218750003 0.2704728953125001
3 0.4771120855255163 0.24334271041945094 0.4156530158514169 0.240483051692916 0.41411332275768886 0.2735737503298183 0.47557239243178834 0.2764334090563533
3 0.6284889100845619 0.0033206682495145663 0.40278025706508735 -0.0027772192327146063 0.39534689404415513 0.27236304200510963 0.6210555470636296 0.2784609294873388
3 0.808566529954932 0.27618339810768755 0.8084383601858816 0.24105139208131204 0.6122829161790253 0.2417670129865757 0.6124110859480756 0.2768990190129512
3 0.8653846156249999 9.069451588101288e-17 0.6076923078124999 7.491541288463925e-17 0.6076923078124999 0.23990772812500008 0.8653846156249999 0.23990772812500008
3 0.4419760378033442 0.26840287824433573 0.22485313055838763 0.26733025475065864 0.22346016275142988 0.5492979924779691 0.44058306999638647 0.5503706159716463
3 0.6497713334389145 0.5372270418842265 0.6175457873541912 0.2569725955236305 0.41183072821766825 0.28062710022324866 0.44405627430239153 0.5608815465838446
3 0.861299361120331 0.2711753449673155 0.6212494968286963 0.26776907368808833 0.6172206632945654 0.5516927144796044 0.8572705275861999 0.5550989857588315
3 0.43846153906250007 0.5501730109375 0.2423076921875001 0.5501730109375 0.2423076921875001 0.7906574390625 0.4384615390625002 0.7906574390625
3 0.09590002686172813 0.6033405596304948 0.04545057617845134 0.591774779710297 0.019572346249221995 0.7046545416972282 0.0700217969324988 0.716220321617426
3 0.28772330447160893 0.6659408336972916 0.16856826685965837 0.5420402956374988 -0.012898642983159282 0.7165568619595154 0.10625639462879129 0.8404574000193084
3 0.6309833661616846 0.5466345946060243 0.4393887225354697 0.5402456593531288 0.4309348859241461 0.7937636163690168 0.622529529550361 0.8001525516219121
3 0.8296140841844266 0.8131077996317657 0.8207682559270255 0.5345715148819588 0.6077230568561194 0.5413374600935058 0.6165688851135205 0.8198737448433129
3 0.863846153125 0.8119953859375 0.6084615390625002 0.8119953859375 0.6084615390625002 1 0.863846153125 1
3 0.39230769218750006 0.9400230687500001 0.3761538468750001 0.9400230687500001 0.3761538468750001 0.9994232984375 0.39230769218750006 0.9994232984375
3 0.5134913256095567 0.817207151666118 0.47553570904979814 0.757928756236431 0.3512751521902414 0.8374920780078131 0.38923076874999996 0.8967704734375002
3 0.6358718513619976 0.9952164278261743 0.5989881627793009 0.789800609090665 0.5338973685876512 0.8014880662560572 0.570781057170348 1.0069038849915664
3 0.4030900106088443 0.9972774393937449 0.3859334490408998 0.7863328291524256 0.2931699592503224 0.793877475692713 0.3103265208182669 1.0048220859340322
3 0.23963602697074995 0.7986614353662038 0.17115460072429975 0.7502629150392133 0.0121941171303817 0.9751838539396172 0.08067554337683189 1.0235823742666075
3 0.13369049535437527 0.3566655524948711 0.08032597037445513 0.343936270973913 0.04898470921319216 0.47532715202157655 0.1023492341931123 0.4880564335425346
3 0.13384615312500003 0.32641291875 0.12307692343750005 0.32641291875 0.12307692343750005 0.3431372546875 0.13384615312500003 0.3431372546875
3 0.13062161243336143 0.3238297216259049 0.0968679057949829 0.29488684569417006 0.03554328418254706 0.3664047312179827 0.0692969908209256 0.3953476071497176
3 0.10605798107619986 0.30227419421158314 0.08269671979879588 0.26905610883921144 0.03239010363262538 0.3044352100446484 0.05575136491002934 0.33765329541702005
3 0.14093473323751454 0.3330345740744991 0.11846153906250004 0.26124567500000007 0.0891374254164782 0.27042545778637983 0.11161061959149274 0.34221435686087887
3 0.11041239681742934 0.2076699123531168 0.0934361360806082 0.1834087799354424 0.05924823348749732 0.20733110715718756 0.07622449422431846 0.2315922395748619
3 0.07182958095983746 0.28859140348720935 0.05961538437500001 0.24798154531250005 0.03354260970380092 0.2558234341951488 0.045756806288638374 0.29643329236985816