3 0.1941530995600667 0.4692715363283483 0.19295373767982232 0.3948530533364608 0.0998393277261375 0.3963537272189434 0.10103868960638192 0.4707722102108309
3 0.18914218776523772 0.5300676275755706 0.18803618621377216 0.47029684288999485 0.10156250000000003 0.4718969562499999 0.10266850155146559 0.5316677409355756
3 0.190770093192157 0.5950318834874204 0.18828125 0.5316159250000001 0.10302653623594764 0.5349618590363523 0.10551537942810466 0.5983778175237726
3 0.190625 0.66159250625 0.18828125 0.5971896953125 0.1046703916947759 0.6002324654385283 0.1070141416947759 0.6646352763760282
3 0.19386969996037745 0.7244271722481661 0.19279138162283999 0.6647135680083133 0.10595293166246253 0.6662817113851471 0.10703125 0.725995315625
3 0.19382576632036783 0.7900110622438652 0.1927315257019053 0.7279556906744966 0.10441579234252245 0.7295129879760383 0.10551003296098498 0.7915683595454069
3 0.19702048073282846 0.8551402861585276 0.19453125 0.7892271656250001 0.10468297829512459 0.7926203152348039 0.10717220902795303 0.8585334357683314
3 0.20123969052046595 0.8607634298969623 0.1070312500000001 0.8571428578124998 0.1047729584897686 0.9159043232539771 0.19898139901023446 0.9195248953384396
3 0.3819110237818599 0.9534011961329897 0.37734375 0.8735362999999998 0.19904293820775307 0.8837328777508432 0.203610211989613 0.9635977738838332
3 0.3819635981348423 0.8915029434978008 0.37812500000000004 0.8138173296875001 0.19916403303370547 0.8226601411208225 0.20300263116854778 0.9003457549311232
3 0.3788462093685753 0.8307670500869916 0.375 0.7529274 0.19603903303370546 0.7617702114333225 0.19988524240228078 0.8396098615203138
3 0.3776295481733522 0.7698458347198663 0.3748090494118342 0.7140190673015818 0.19498894496795266 0.723103999231814 0.19780944372947068 0.7789307666500984
3 0.3751075115671914 0.7207272866364337 0.371875 0.6639344265624999 0.1935279962144525 0.6740855045670273 0.19676050778164392 0.7308783646409611
3 0.37360138801921844 0.6713567966862024 0.36953125 0.608899296875 0.19179766580930743 0.6204815763529363 0.1958678038285259 0.6829390761641386
3 0.37229292006892833 0.6202561522977544 0.37031250000000004 0.5608899296875001 0.19191727676255796 0.5668410827972374 0.19389769683148625 0.6262073054074918
3 0.3733232667421784 0.5662886323844145 0.3703125 0.5 0.19009629831361516 0.5081852487662223 0.19310706505579361 0.5744738811506368
3 0.3689102298481413 0.506543894140942 0.36796874999999996 0.454332553125 0.19053488972522137 0.45753205730505186 0.19147636957336267 0.5097433983209939
3 0.37007176390960805 0.508344862763218 0.368661786523039 0.39451790188382796 0.18891483832923556 0.39674443178764046 0.19032481571580456 0.5105713926670304
3 0.3469355540545326 0.39433343836655 0.34618202526708963 0.33953426979421036 0.23903384761634316 0.34100763587777244 0.2397873764037861 0.39580680445011207
3 0.3454311604500523 0.33674713246730764 0.3429442046527672 0.2733792666366101 0.2374999999387719 0.27751756406490297 0.23998695573605694 0.3408854298956005
3 0.34862401738222276 0.2727422031991415 0.3472973306736752 0.1567876314806186 0.23437499999999994 0.158079625 0.23570168670854752 0.2740341967185229
3 0.4561178473298053 0.15336046335639109 0.45546875 0.09836065624999998 0.35153551776349967 0.0995872566159294 0.3521846150933049 0.1545870637223205
3 0.565625 0.09718969531250002 0.5649145150519368 0.03509224050022678 0.4593750000000001 0.036299765624999994 0.46008548494806323 0.09839722043727324
3 0.45625 0.158079625 0.3538618663747581 0.15690815781263168 0.353125 0.22131147499999998 0.45551313362524193 0.22248294218736833
3 0.4562500000000001 0.09836065625000005 0.35156250000000006 0.09836065625000004 0.3515625000000001 0.8992974234375 0.45625000000000016 0.8992974234375
3 0.5676493808945973 0.15567787494899232 0.5670099184124856 0.10064109942010191 0.4593207975408921 0.10189232011512303 0.45996026002300383 0.15692909564401344
3 0.565625 0.2142857140625 0.5650045683495704 0.15923116517628283 0.4593486113357034 0.16042184425937372 0.45996904298613306 0.21547639314559092
3 0.5671875000000001 0.27283372343750006 0.5665934570138671 0.22012079591690908 0.4609375 0.22131147499999998 0.461531542986133 0.27402440252059096
3 0.565625 0.33138173281249994 0.56484375 0.2763466046875 0.4608753391531627 0.27782248606983473 0.46165658915316266 0.3328576141948346
3 0.5671875 0.38992974218750004 0.5665447095083354 0.3337488848467376 0.46084444570918065 0.334958249170326 0.46148723620084525 0.39113910651108846
3 0.5671875 0.44847775156249997 0.5665575939406278 0.39342301301459137 0.4625 0.3946135828125 0.4631299060593722 0.44966832136040863
3 0.565625 0.504683840625 0.56484375 0.45199063281249996 0.46399786258308423 0.45348581317473585 0.46477911258308424 0.5061790209872359
3 0.5656250000000002 0.56323185 0.5648437500000002 0.5081967218750001 0.4639997095562177 0.5096282513232057 0.4647809595562177 0.5646633794482055
3 0.5671875 0.6194379390625 0.5665619563720323 0.5655991928352202 0.46394059704025886 0.5667915337034934 0.46456614066822655 0.6206302799307732
3 0.5687500000000002 0.6779859484374999 0.5679687500000001 0.6229508203124999 0.4640335771357022 0.6244262298657549 0.4648148271357022 0.6794613579907549
3 0.5686180649287842 0.7365170745555536 0.5679683147836047 0.6814619526018929 0.465625 0.6826697890625001 0.4662747501451796 0.7377249110161607
3 0.5670555649287842 0.7927231636180536 0.5664062500000001 0.7377049187500002 0.4639523950088969 0.7389140597852467 0.46460170993768096 0.7939323046533001
3 0.5671875 0.8489461359374999 0.5664062499999999 0.79391100625 0.4640000243337018 0.795364711624296 0.46478127433370175 0.8503998413117959
3 0.5654930640811792 0.9051353417755854 0.5648437499999999 0.8501170953124999 0.4624728001633492 0.8513252563046398 0.4631221142445285 0.9063435027677252
3 0.68125 0.9028103046875 0.67890625 0.8665105390625 0.5763097645546176 0.8731348383829619 0.5786535145546174 0.9094346040079619
3 0.6799077240820368 0.8694409437879951 0.67890625 0.8126463703125 0.5780531192163822 0.8144247408572781 0.579054593298419 0.8712193143327733
3 0.6797189394887069 0.8135016733554634 0.67890625 0.761124121875 0.5780947641509537 0.7626883117344861 0.5789074536396607 0.8150658632149496
3 0.6797587672188551 0.759284712847207 0.6773437500000001 0.7025761125 0.5780557340653703 0.706804435305359 0.5804707512842253 0.763513035652566
3 0.6780315263221596 0.7013875369967205 0.67734375 0.6440281031249999 0.5765067950605246 0.6452372027503753 0.5771945713826842 0.7025966366220959
3 0.6796982987597685 0.593013210347697 0.5765625000000001 0.5913348953125002 0.5756673646507492 0.646342743843312 0.6788031634105176 0.6480210588785089
3 0.679800178008952 0.5883572924564142 0.6787987038993717 0.5315627174189049 0.5749694020672277 0.5333935675930986 0.575970876176808 0.5901881426306079
3 0.678193155097205 0.4770763711481125 0.5742572633165521 0.47538503630638235 0.5733244419255321 0.5327087670991278 0.6772603337061851 0.534400101940858
3 0.6765625 0.42037470781249997 0.5734375 0.42037470781249997 0.5734375 0.47540983593749997 0.6765625 0.47540983593749997
3 0.6751364758796727 0.41393896580180084 0.6726015220005161 0.35948000406584296 0.571766224060039 0.3641736820487147 0.5743011779391954 0.4186326437846725
3 0.6735540518952815 0.3602290719672535 0.67109375 0.29508196718749996 0.5702352379287104 0.29889092215554003 0.5726955398239919 0.3640380269352936
3 0.6718749999999999 0.29391100625 0.6710937499999999 0.229508196875 0.570171101107944 0.2307324574346259 0.570952351107944 0.2951352668096259
3 0.6718749999999998 0.17447306718750005 0.5709346142445286 0.17328178941977485 0.5702594059539632 0.2304941265937573 0.6711997917094344 0.2316854043614825
3 0.6721431236712836 0.1688829784117249 0.6678848876511588 0.108888721783486 0.5671953319809206 0.11603540409779864 0.5714535680010454 0.17602966072603754
3 0.6727250081932324 0.11002397052396043 0.6718698648626141 0.05234685662988932 0.5679690933960962 0.05388732989158664 0.5688242367267147 0.11156444378565775
3 0.7841875777541063 0.14511331033688174 0.7828125 0.08548009374999999 0.6748953745582424 0.08796854644424412 0.6762704523123488 0.14760176303112588
3 0.7858764573355277 0.2011806070346855 0.7827239973983013 0.14719638308781174 0.6758316722686095 0.1534384617532372 0.678984132205836 0.20742268570011096
3 0.7839462802364129 0.26248032985761316 0.7828125 0.20725995312499998 0.6778205336492431 0.209415639548637 0.678954313885656 0.26463601628125016
3 0.7855543709984458 0.29730108384657317 0.7842877795830733 0.2609637706850431 0.675464661023991 0.26475696329530274 0.6767312524393636 0.30109427645683284
3 0.7862402946517856 0.35581548432319654 0.7840395773267161 0.2965944219444244 0.6761979358938793 0.30060193142048275 0.6783986532189488 0.35982299379925486
3 0.7844458219070048 0.4130172518085423 0.78359375 0.3606557375 0.6796578582193471 0.3623470723417302 0.680509930126352 0.41470858665027244
3 0.7859375000000001 0.42037470781249997 0.6820312500000001 0.4168618265625 0.6801248690367003 0.47324998285667375 0.7840311190367003 0.4767628641066738
3 0.7860773540493737 0.5287656381886713 0.7835937499999999 0.4754098359374999 0.6811993302292236 0.48017608786974214 0.6836829342785975 0.5335318901209135
3 0.7861159567889278 0.5860417618586593 0.78515625 0.531615925 0.6827411048166776 0.533421841377119 0.6837008116056054 0.5878476782357784
3 0.7886658135585817 0.6442178922082956 0.7874999999999999 0.588992975 0.6843221034148418 0.591171089461109 0.6854879169734237 0.6463960066694046
3 0.790625 0.6498829046875001 0.6859375 0.6498829046875 0.6859375 0.7014051515625 0.790625 0.7014051515625002
3 0.7929148962113485 0.7329502592382544 0.7921850088794707 0.7012971187406335 0.6859374999999999 0.7037470718749999 0.6866673873318776 0.7354002123726209
3 0.7908034555230498 0.7897888361315035 0.7898437500000001 0.7353629984375001 0.6874698877753693 0.7371681844512697 0.688429593298419 0.7915940221452732
3 0.7938862389974422 0.8460493336859658 0.7929687500000001 0.7915690859375 0.6874313322761432 0.7933464166873001 0.6883488212735852 0.8478266644357658
3 0.7923929931938687 0.9024966725975805 0.79140625 0.847775175 0.6905944350033569 0.8495930231342198 0.6915811781972256 0.9043145207318004
3 0.9028493875884364 0.9015543171108431 0.9015625 0.846604215625 0.7968227536493981 0.8490571370200456 0.7981096412378345 0.9040072385058888
3 0.900071267217642 0.8435938472412363 0.89765625 0.7868852453124999 0.7968085626892312 0.7911799888422548 0.7992235799068732 0.8478885907709912
3 0.900068520099382 0.7877884620481403 0.89921875 0.7330210765624999 0.7968088117401253 0.73461006794197 0.7976585818395074 0.7893774534276106
3 0.9001307934623014 0.7324487524680927 0.89609375 0.6416861828124999 0.7936921742008162 0.6462409195688317 0.7977292176631176 0.7370034892244245
3 0.8970304745878078 0.6416687489288659 0.89453125 0.58548009375 0.793481167083751 0.5899747172824618 0.7959803916715589 0.6461633724613277
3 0.8953756607802237 0.5862637807819875 0.8945312499999998 0.5316159250000001 0.7921576621677635 0.5331977869036144 0.7930020729479874 0.5878456426856018
3 0.8953441240258165 0.5278940787836925 0.89453125 0.4730679156249999 0.7920884913653362 0.47458677182119346 0.7929013653911526 0.5294129349798861
3 0.8954476433705715 0.47148442866837303 0.89453125 0.4121779859375 0.7905593568187069 0.4137845424809344 0.7914757501892784 0.4730909852118074
3 0.894809170011077 0.4124846892760751 0.8937500000000002 0.359484778125 0.7906193859974338 0.3615457788173232 0.7916785560085102 0.41454568996839836
3 0.894902736262722 0.35627673035067087 0.89375 0.2985948484375 0.7906193859974338 0.3006558491298232 0.7917721222601557 0.35833773104299405
3 0.8925458132168357 0.2956545457987682 0.89140625 0.229508196875 0.7887041867831642 0.23127753857623173 0.78984375 0.2974238875
3 0.8969995934437411 0.22935577033378007 0.8953125 0.16744730624999998 0.7858911193718818 0.17042919405152873 0.787578212815623 0.2323376581353088