3 0.6944444437500001 0.7629629625 0.4138888890625002 0.7629629625 0.4138888890625002 0.9870370375 0.6944444437500001 0.9870370375
3 0.6984288859512031 0.6891466027195283 0.5000000000000001 0.6796296296875 0.4940902752955346 0.802847388678613 0.6925191612467377 0.8123643617106415
3 0.7183626854391292 0.6734784869262949 0.6769746123457704 0.5840072096977434 0.5421787975979265 0.6463617351530064 0.5835668706912853 0.735833012381558
3 0.6333333328124999 0.5 0.5 0.5 0.5 0.690740740625 0.6333333328124999 0.690740740625
3 0.8720860737473183 0.770289250234604 0.8283667711358319 0.7020516897541424 0.6698676157397053 0.8036009316912482 0.7135869183511918 0.8718384921717097
3 0.8531666452855606 0.3830755405481047 0.612488157370914 0.3795011071063864 0.6054187518371024 0.8555076860721673 0.8460972397517491 0.8590821195138856
3 0.7365657484328132 0.28370092866883334 0.5068454634482001 0.2696507581738684 0.5005636362191697 0.37235863220245363 0.7302839212037827 0.38640880269741856
3 0.7324052786775153 0.5103264573595019 0.7305429651848627 0.36382431594682874 0.5041671175414004 0.36670197214633465 0.506029431034053 0.5132041135590077
3 0.5270600431308889 0.5378233538647468 0.4959671494295068 0.43541958316429313 0.24014937895556257 0.5130936247534245 0.2712422726569446 0.6154973954538782
3 0.43381431211386035 0.3832539770365252 0.25596391771030325 0.3786543999005794 0.25207884701611855 0.5288771996981042 0.42992924141967565 0.53347677683405
3 0.5021320270629266 0.6973155245494342 0.4971606061480675 0.5519014428652799 0.22581347131675117 0.5611782667166145 0.23078489223161025 0.7065923484007689
3 0.5012946802723304 0.6616207136412671 0.17083333281250002 0.6370370375 0.1530497659409819 0.876089221446521 0.48351111340081215 0.900672897587788
3 0.22897315448271996 0.5366875537470197 0.17083333281250004 0.5333333328125 0.16408240020478018 0.6503494821904803 0.22222222187500007 0.6537037031249999
3 0.25037908754762056 0.3979650173259851 0.16805555625000004 0.396296296875 0.16489869057737955 0.552034982674015 0.24722222187500006 0.5537037031250001
3 0.4114035752411822 0.23030487467856547 0.1654341837306897 0.22796972194485948 0.16375576487749693 0.40476315308132305 0.4097251563879894 0.407098305815029