3 0.333846153125 0.001044932812500041 0.1176923078125 0.0010449328125000277 0.1176923078125 0.17816092031250003 0.333846153125 0.17816092031250003
3 0.11538461562500002 0.16614420000000002 3.106405536443496e-17 0.16614420000000002 4.1781314456180155e-17 0.3411703234375 0.11538461562500005 0.3411703234375
3 0.3336391015391632 0.17755579915618475 0.1185254736935277 0.17303132076790337 0.11488637215436456 0.34605023411171865 0.33 0.35057471250000005
3 0.11692307656250005 0.34273772187499996 5.237060628118567e-17 0.34273772187499996 6.276794715824389e-17 0.512539184375 0.11692307656250005 0.512539184375
3 0.3327975442391186 0.3526493487119536 0.11700749065702273 0.3478355675812116 0.11320754870641692 0.518177686356293 0.3289976022885128 0.5229914674870348
3 0.3296874873234349 0.5235344326164566 0.11506844395460838 0.5219354870151679 0.11378753473877283 0.6938659831642383 0.3284065781075994 0.695464928765527
3 0.11153846093750006 0.5141065828125 7.33572389832494e-17 0.5141065828125 8.37545798603076e-17 0.6839080453124999 0.11153846093750008 0.6839080453124999
3 0.10935636193173881 0.8590737229137574 0.10897108075862993 0.7769046123821722 -0.00038467235437757223 0.7774173684844716 6.088187313069148e-7 0.8595864790160569
3 0.3257692312500001 0.6980146296875002 0.11344209743521978 0.695435330437673 0.1113902862399209 0.8643398072082912 0.3237174200547013 0.8669191064581183
3 0.325392535417017 0.9085527984988724 0.32528110292620344 0.8646659345604712 0.10922150998781126 0.8652145282954686 0.10933294247862482 0.9091013922338698
3 0.10851817610232077 0.9079403691383806 0.1065384609375 0.8568443046874998 -0.001437101381496514 0.8610278139352319 0.0005426137833242584 0.9121238783861128
3 0.5438595794275606 0.9085525467626401 0.5437316590232066 0.8589255412871744 0.3338300180542225 0.8594665915183954 0.33395793845857646 0.9090935969938612
3 0.5446230149862961 0.6864292941809962 0.3347524577831108 0.6854636872073334 0.333944912329696 0.8609802471511789 0.5438154695328813 0.8619458541248418
3 0.5483544791708491 0.5181375776530014 0.33852952357514743 0.5161718612611805 0.3369446732094239 0.6853423270503712 0.5467696288051256 0.6873080434421921
3 0.5486114253857794 0.3437898712823593 0.33809029706437527 0.34325533858689633 0.3376591606411301 0.5130547298166889 0.5481802889625343 0.5135892625121519
3 0.5494066706631113 0.16722632332144835 0.33856332813358636 0.16507058398768298 0.3367708081779144 0.3403890434531063 0.5476141507074395 0.3425447827868716
3 0.5484615390625 5.46145371355718e-17 0.3369230765625 4.166154208571292e-17 0.3369230765625 0.16875653125000006 0.5484615390625 0.1687565312500001
3 0.8477377219022353 0.17303228317029368 0.8469108296682405 0.00005033731094331584 0.635312268763818 0.0010618255669408174 0.6361391609978128 0.17404377142629118
3 0.8509113532225111 0.343728233169304 0.847601562132126 0.17134475766677187 0.6244938139776767 0.17562846313729202 0.6278036050680618 0.34801193863982416
3 0.8484617157229402 0.3484078156731987 0.6172743375273322 0.3478776300522562 0.6168825692718938 0.518708132158453 0.8480699474675018 0.5192383177793956
3 0.853019737326475 0.5156270946811958 0.6108309772178634 0.5097123204323981 0.6064607457643453 0.6886576009442213 0.8486495058729568 0.6945723751930191
3 0.8523529411848415 0.862775851857684 0.8513826654650707 0.6571626946354733 0.6060774784945535 0.6583202745786385 0.6070477542143242 0.8639334318008494
3 0.8603637050341764 0.8632739682117784 0.6117885498500147 0.8112399752965731 0.5928161645541472 0.9018742579052377 0.8413913197383088 0.9539082508204431
3 1.0000296050475321 0.8568419277762434 0.8661753054021085 0.8557590989895608 0.865752426848668 0.9080333950758815 0.9996067264940918 0.9091162238625641
3 1.0000006428953576 0.8576436130593412 0.9996110289148035 0.689869504025543 0.8652414554728851 0.6901815442126467 0.8656310694534393 0.8579556532464447
3 1 0.5224660390625002 0.8584615390625 0.5224660390625002 0.8584615390625 0.6891327062500002 1 0.6891327062500002
3 1 0.3578892375000001 0.854615384375 0.3578892375000001 0.854615384375 0.5219435734375002 1 0.5219435734375002
3 1 0.1849529781250001 0.8623076921875 0.18495297812500008 0.8623076921875 0.3547544406250001 1 0.3547544406250001
3 1.0000000000000002 0.01410658281250012 0.8665476752798151 0.013796672706355734 0.8661514576243625 0.18441442981391915 0.9996037823445476 0.18472433992006354