3 0.1323829967861061 0.000009481437798494144 0.000005486274887412088 -0.000444024669773804 -0.00041876192192967656 0.12339316119341448 0.13195874858928902 0.12384666730098677
3 0.1323175854786081 0.4108719359624991 0.13190465043815475 0.12133965384481168 -0.000019808487723160924 0.12152780637614566 0.00039312655273019087 0.411060088493833
3 0.13396853068983144 0.697895222282781 0.1314662898828519 0.41434909429841954 -0.002097198963815322 0.4155277667581371 0.0004050418431642354 0.6990738947424985
3 0.13855335982512013 0.6991119709930824 0.000004871237880974162 0.6989255711660326 -0.0003846142326655016 0.9884248916590238 0.1381638743545736 0.9886112914860735
3 0.28631179273020085 0.9941785356409252 0.2845074485121442 0.7036876506537327 0.14166968090415966 0.7045748678210285 0.14347402512221627 0.9950657528082211
3 0.28461538437500006 0.4166666671875 0.14307692343750006 0.4166666671875 0.14307692343750006 0.70023148125 0.28461538437500006 0.70023148125
3 0.28234128609076653 0.4133970491087024 0.2803621294769894 0.12870997731695105 0.14302084338622284 0.12966477977074858 0.14499999999999996 0.4143518515625
3 0.28317754983107596 0.12606997144872073 0.280384615625 -6.938893903907229e-19 0.14532269858900754 0.0029921403462953022 0.14811563279508347 0.12906211179501603
3 0.43153846093750003 4.425214107654959e-17 0.2884615390625 3.549120635624586e-17 0.2884615390625 0.12962962968750005 0.43153846093750003 0.12962962968750005
3 0.43076923125000005 0.13657407343750005 0.28846153906250005 0.13657407343750005 0.2884615390625001 0.41319444375 0.43076923125000005 0.41319444375
3 0.4323076921875 0.4143518515625 0.2892307687500001 0.4143518515625 0.2892307687500001 0.702546296875 0.4323076921875 0.702546296875
3 0.4323076921875001 0.7013888890625 0.2884615390625001 0.7013888890625 0.2884615390625001 0.9942129625 0.43230769218750015 0.9942129625
3 0.581950248138259 0.994174133435946 0.578846153125 0.715277778125 0.432070077042625 0.7169113845782829 0.43517417205588405 0.9958077398892289
3 0.580828783609404 0.7117785542892435 0.578846153125 0.48148148125 0.4353454289528088 0.482716880842896 0.43732805943721276 0.7130139538821395
3 0.5810147217983779 0.47798201684503183 0.57914518078472 0.24997862588953143 0.4345774774407133 0.25116402602555266 0.43644701845437117 0.47916741698105303
3 0.5777316069136691 0.2487778450623383 0.5757393852084334 0.01736649335181454 0.43377700954476434 0.018588648289476258 0.4357692312500001 0.25000000000000006
3 0.7154027328573845 0.000982501900077435 0.580384615625 7.077671781985372e-17 0.5791888838042142 0.1643207602393822 0.7142070010365987 0.16530326213945953
3 0.7170084064745753 0.4390198048192982 0.7153729565454781 0.16587684445846226 0.5798684587344092 0.16668818084086326 0.5815039086635063 0.43983114120169925
3 0.716953003035992 0.7164250975206583 0.7157570780926701 0.43931358354168104 0.5814239157594783 0.4398933226410883 0.5826198407028003 0.7170048366200656
3 0.7177608981672966 0.9944071070026661 0.7157692312500001 0.7199074078125001 0.5804589206290608 0.7208891687034151 0.5824505875463573 0.9953888678935812
3 0.8616066664481847 0.9918441735532693 0.8588109580323797 0.709407373772857 0.7155974950492869 0.710824976167551 0.7183932034650918 0.9932617759479632
3 0.8600013590195278 0.4353815268958006 0.7180474697273491 0.4351807932835981 0.7176563120808975 0.7117978910926495 0.8596102013730762 0.711998624704852
3 0.8592354333921559 0.15063646536497938 0.7169542123056835 0.15043526888068653 0.7165597536532915 0.42938675716205565 0.858840974739764 0.42958795364634855
3 0.8601324011207035 0.1577286939635933 0.8591914048023188 -0.0008465125032744971 0.7160096330707806 0.000003138101388795028 0.7169506293891653 0.15857834456825656
3 1.000002083101143 0.0003612972026228251 0.8611417383463833 -0.000002044447732114929 0.8607389994256816 0.1539149791585127 0.9995993441804412 0.15427832080886766
3 1.0000013836322899 0.1529567151038649 0.862692329346735 0.15276254964216257 0.8623011624713264 0.4293861739432274 0.9996102167568812 0.42958033940492973
3 1.000003175407512 0.7094597193799823 0.9996151419770494 0.43038122061080075 0.8622964503670063 0.4305721498411323 0.8626844837974691 0.7096506486103138
3 1.0000000000000002 0.7164351859375001 0.8634634303432144 0.716243742136321 0.8630753089048845 0.9930496218432274 0.9996118785616703 0.9932410656444066