3 0.3838537112427977 0.28210955088106193 0.38139536802054763 0.058878696567303636 0.06700723496907926 0.062340914809575175 0.06946557819132941 0.28557176912333343
3 0.07003077957987677 0.4526563070242323 0.06857279493969522 0.269870956016667 0.010519557842497099 0.2703340168009912 0.011977542482678663 0.45311936780855655
3 0.384375 0.2823894484375 0.06875000000000005 0.28238944843749997 0.06875000000000006 0.49767261406249996 0.384375 0.49767261406249996
3 0.6727407996770104 0.07776434051796441 0.3850361807297066 0.07598762493775409 0.3837691878487731 0.2811525416402626 0.671473806796077 0.28292925722047296
3 0.6685762642547732 0.2770686349530027 0.38573250936868436 0.27607965981289895 0.38503034408047004 0.47689670628421876 0.667874098966559 0.47788568142432253
3 0.35563949775894205 0.8391899020239821 0.3418063635285643 0.5536647551142065 -0.012842245065047308 0.5708467857002634 0.0009908891653304275 0.8563719326100389
3 0.40456273939225645 0.5179187864344155 0.38402254220938864 0.4757488544760271 0.3045682338032589 0.5144495847333274 0.32510843098612674 0.5566195166917158
3 0.666299578621193 0.474793633195158 0.38703859333747026 0.4739226809806967 0.3867561827435333 0.5644744465171974 0.6660171680272561 0.5653453987316587
3 0.7134595216337514 0.5348174337249094 0.34653561358155205 0.5310611239792786 0.3434454330094593 0.8329161915540846 0.7103693410616586 0.8366725012997153
3 0.95135284209357 0.47446736271368817 0.6700316412196231 0.4705657284085284 0.6672134406178138 0.6737676472957461 0.9485346414917608 0.6776692816009059
3 0.9528125 0.2769588828125001 0.6704007015414071 0.2753869097223557 0.6692961698854184 0.47382082273137505 0.9517079683440113 0.47539279582151933
3 0.9571875000000001 0.0783553140625001 0.671875 0.0783553140625001 0.671875 0.2882079125000001 0.9571875000000001 0.2882079125000001