3 0.3236035866892903 0.7073126608460438 0.04305946009202581 0.6762157541087152 0.030676878202831735 0.7879265634977737 0.31122100480009623 0.8190234702351024
3 0.3235622880165244 0.708199355780051 0.043322948708368426 0.6758229027089875 0.024301421901762755 0.8404666360177409 0.30454076120991874 0.8728430890888046
3 0.5141903532771727 0.8121092669745478 0.5101153661652004 0.7819787665456925 0.43806111093329037 0.791723714596791 0.44213609804526266 0.8218542150256463
3 0.5606494913563478 0.7990877376692612 0.5542608496378515 0.7673845156044429 0.49228065068266835 0.7798743907331037 0.49866929240116464 0.8115776127979221
3 0.803206996875 0.8053892218750001 0.6664068279441688 0.8047817123727409 0.6660537514820939 0.8842881554451717 0.8028539204129252 0.8848956649474309
3 0.8072331480571167 0.8775040291828866 0.8002051217026421 0.7491863675023727 0.6607658642098436 0.7568235295553075 0.6677938905643181 0.8851411912358215
3 0.9612022566171742 0.860882213341967 0.9378381137195808 0.7820290030075437 0.7997659229969684 0.8229396822372846 0.8231300658945617 0.9017928925717079
3 0.9027607388653645 0.7870108060255134 0.8975290449027717 0.7509253404131473 0.8038062075999072 0.764513337512634 0.8090379015625 0.8005988031250002
3 0.8987047770427321 0.7191939158691047 0.77271757894633 0.7137462497593363 0.7706473546295813 0.7616239566236616 0.8966345527259832 0.76707162273343
3 0.8994621365926042 0.721980641205759 0.8977576311680966 0.6576642156632582 0.7697558247164072 0.6610565026506544 0.7714603301409146 0.7253729281931552
3 0.45335277031250004 0.4508982031250001 0.35581830414380067 0.4315154982323925 0.327646123461753 0.5732789218028368 0.4251805896304524 0.5926616266954445
3 0.5825079110382358 0.46024500706709254 0.44486561612501074 0.3971929337815353 0.37359493831930574 0.5527763926912894 0.5112372332325308 0.6158284659768466
3 0.6401192951535657 0.4422287673932944 0.5417846375266364 0.43944520819147836 0.5386915814355709 0.5487134470481839 0.6370262390625001 0.55149700625
3 0.6410786524868726 0.5473532859351361 0.5342052449313861 0.5348100602667258 0.5282830208632101 0.5852698290060461 0.6351564284186966 0.5978130546744564
3 0.13306471893808344 0.6333294526263172 0.12771963670481568 0.5659963572504554 0.07229503872294761 0.5703961109273834 0.07764012095621538 0.6377292063032451
3 0.13848396562500007 0.4706586828125 0.05976676406250007 0.4706586828125 0.05976676406250007 0.6185628750000001 0.1384839656250001 0.6185628750000001
3 0.1618075796875001 0.5520958078125 0.1195335281250001 0.5520958078125 0.1195335281250001 0.628742515625 0.1618075796875001 0.628742515625
3 0.18673085017258237 0.6230204715907282 0.18345299285004965 0.49241263398785656 0.13590396946931865 0.49360596906887766 0.13918182679185137 0.6242138066717493
3 0.22311136112443486 0.4040563034439607 0.17206849648907832 0.40339535173400903 0.17015446831936246 0.5512086931689086 0.22119733295471905 0.5518696448788603
3 0.22105073215369866 0.6266758894444895 0.2185173631756782 0.5495854887628326 0.18333379921429033 0.5507417021005223 0.1858671681923108 0.6278321027821793
3 0.2419825078125001 0.525748503125 0.21865889218750006 0.525748503125 0.21865889218750006 0.625748503125 0.2419825078125001 0.625748503125
3 0.3023603119138164 0.5319954776402196 0.24418186259249638 0.5305018244961502 0.24181447151111293 0.6227127521796524 0.2999929208324329 0.6242064053237217
3 0.7776967937500001 0.1461077843750001 0.6640606351945395 0.14008465147736698 0.6611376225135313 0.19523202048348778 0.7747737810689918 0.20125515338112088
3 0.7811462927654991 0.14799405904297566 0.6646159436779856 0.13970193729774943 0.6571363631285274 0.24481353107750908 0.773666712216041 0.2531056528227353
3 0.9543590188553589 0.22047083374822707 0.9448143433028335 0.1342144443534599 0.7858804662442169 0.15180122605709437 0.7954251417967423 0.23805761545186152
3 0.9414361706115038 0.25368264613399444 0.8116629186960755 0.24860568991428597 0.8085130119974284 0.3291211834154477 0.9382862639128566 0.3341981396351562
3 0.9300291546875 0.3293413171875001 0.8134110781249999 0.3293413171875001 0.8134110781249999 0.3802395203125001 0.9300291546875 0.3802395203125001
3 0.7887857140274958 0.32284648609637967 0.7741581298138661 0.2728784242875016 0.6712827984375 0.3029940125 0.6859103826511296 0.35296207430887805
3 0.7492711375000001 0.5047904187500001 0.6661427872137688 0.4980571434919076 0.6618915618484748 0.5505423513240317 0.7450199121347059 0.5572756265821243
3 0.8338192421875 0.5035928140625001 0.7552409543452068 0.49618468665635396 0.7505810149226212 0.5456128405204166 0.8291593027649146 0.5530209679265627
3 0.8411416559158569 0.4468318984124643 0.7633088726607986 0.43404308634447164 0.7548398411539806 0.4855856604432936 0.8326726244090388 0.49837447251128636
3 0.7621883142236487 0.4419765434880586 0.6634095860374819 0.4389709013780017 0.6618036307339279 0.4917497142240461 0.7605823589200947 0.494755356334103