3 0.5001786082198889 0.1543984002998901 0.49975700697454367 0.07808857489240584 0.13858018626762714 0.0800840269405104 0.13900178751297237 0.15639385234799466
3 0.498046875 0.15039062500000006 0.140625 0.15039062500000003 0.14062500000000003 0.2314453125 0.498046875 0.23144531250000006
3 0.5 0.22265625000000008 0.14062500000000006 0.22265625000000006 0.14062500000000006 0.3056640625 0.5 0.30566406250000006
3 0.49818313700180317 0.29503584420427936 0.14066737083829056 0.29285587002035546 0.14014399840130873 0.37868894968537387 0.4976597645648213 0.38086892386929777
3 0.5002480603481168 0.36818701449087365 0.14257812500000006 0.3662109375 0.1420921389490874 0.45417441271518844 0.49976207429720415 0.456150489706062
3 0.5008905144384711 0.4401879885707792 0.1427617250810373 0.43117845927876824 0.1404441021909713 0.5233039691588923 0.498572891548405 0.5323134984509033
3 0.501956183513364 0.5109605589489219 0.1432132549243667 0.49759764183815686 0.13951218153029438 0.5969572275713289 0.49825511011929163 0.6103201446820938
3 0.4985596972487002 0.5804657035311958 0.1454130334705373 0.5657512592071056 0.14113105231802434 0.6685188068674176 0.4942777160961872 0.6832332511915078
3 0.5073465114837235 0.6538653180419468 0.14544837575410974 0.6363374881063245 0.1401935221222367 0.744834760152644 0.5020916578518505 0.7623625900882663
3 0.49667265906137537 0.7256203768492602 0.14943197720911644 0.7049629991753298 0.13481690136445432 0.9506354645641742 0.4820575832167133 0.9712928422381047
3 0.891769165294822 0.5276368648982341 0.5479335808889555 0.4626600615459443 0.49951946460640534 0.7188514268744389 0.843355049012272 0.7838282302267287
3 0.8773112077753863 0.7093962018804353 0.5415045188989962 0.7027684382841908 0.5365629765986675 0.953139914834184 0.8723696654750575 0.9597676784304285