3 0.46906369693584427 0.10923529514443034 0.4687165855410151 0.04779657825965533 0.07026973447973191 0.050047690412543824 0.07061684587456112 0.11148640729731882
3 0.47075792919647086 0.10552411918818708 0.07036781782530376 0.10347083656577083 0.07003770857439648 0.16784214049268922 0.47042781994556354 0.16989542311510547
3 0.46875 0.16894531250000003 0.07226562500000003 0.1689453125 0.07226562500000003 0.2275390625 0.46875 0.22753906250000006
3 0.470703125 0.21875000000000006 0.07226562500000003 0.21875 0.07226562500000003 0.2861328125 0.470703125 0.28613281250000006
3 0.4707929978081828 0.27546202510626994 0.07429035766471843 0.2713743690223167 0.07355746878320941 0.34246459052869294 0.47006010892667377 0.34655224661264616
3 0.4707716696847582 0.3320812637089369 0.07239454479953074 0.3280572523464599 0.07165669314935731 0.40110456571362985 0.47003381803458477 0.40512857707610694
3 0.46921856257497013 0.3916109337514994 0.07812500000000003 0.3837890625 0.0766521516393443 0.4574314805327869 0.4677457142143144 0.4652533517842863
3 0.470857741165878 0.4437770765188949 0.07646103101729423 0.4364927045636439 0.075020388944951 0.5144931824805136 0.4694170990935348 0.5217775544357646
3 0.48324364489118155 0.5006183975763143 0.07653522911955914 0.48763834175381576 0.07385727282362924 0.5715476390262861 0.48056568859525167 0.5845276948487848
3 0.4652439348156664 0.5566921609957737 0.0795669481588041 0.5422550545433776 0.07231794184419446 0.7359070803765208 0.4579949285010567 0.7503441868289167
3 0.9550096627542682 0.3795543356111516 0.5362903111378496 0.3231882690474029 0.5050183180848167 0.5554945031556484 0.9237376697012352 0.6118605697193972
3 0.9473523770549985 0.5411342970502895 0.5352133002288719 0.5389651440143625 0.5340589866364506 0.7582847265744024 0.9461980634625773 0.7604538796103294