3 0.4071461397058824 0.09870174632352949 0.019117647058823545 0.06885340073529413 -0.0025160845588235196 0.3500919117647059 0.3855124080882354 0.37994025735294124
3 0.3964439813746858 0.3210274671680613 0.03808593750000003 0.30078125 0.02343050879561876 0.560182338067549 0.38178855267030454 0.5804285552356104
3 0.394809375395603 0.4977543595451094 0.05175781250000007 0.46875 0.030400821667440337 0.7213516501919993 0.3734523845630433 0.7503560097371087
3 0.2706151914234306 0.9790017586715314 0.26590184238804476 0.7433343069022391 0.01713416196021591 0.7483096605107956 0.02184751099560176 0.983977112280088
3 0.4941406250000001 0.64453125 0.24414062500000008 0.64453125 0.24414062500000008 0.873046875 0.49414062500000017 0.873046875
3 0.4943821827770781 0.9771322024559197 0.49265733233627207 0.8684666246851386 0.26562500000000006 0.8720703125 0.2673498504408061 0.9807358902707811
3 0.7294921875000001 0.8750000000000002 0.49778327924244586 0.8701116264080687 0.49565216454381256 0.9711264631232874 0.7273610728013667 0.9760148367152188
3 0.7585579314446369 0.6445251676038064 0.5013090668252596 0.6377554606401385 0.49256258109861595 0.9701219182525952 0.7498114457179932 0.9768916252162632
3 0.98828125 0.7421875000000002 0.7226562500000002 0.7421875000000001 0.7226562500000002 0.9853515625 0.98828125 0.9853515625
3 0.9238281250000002 0.5322265625000001 0.667249071909003 0.529254604356089 0.6648502128670444 0.7363561016451782 0.9214292659580415 0.7393280597890893
3 0.947265625 0.4072265625 0.6723260787460661 0.40622678233180387 0.6715650092643403 0.6155208898064158 0.9465045555182741 0.616520669974612
3 0.990234375 0.22949218750000014 0.7002045544164038 0.16999889097003162 0.6467197358044164 0.43073738170347003 0.9367495563880126 0.4902306782334385
3 0.7014454082927811 0.5494377562456894 0.5244140625000002 0.46875 0.4850780292072191 0.5550544312543109 0.662109375 0.6357421875000002
3 0.7044427887975842 0.4170974117768299 0.5176863596852821 0.3492941222265037 0.47730607088769805 0.4605170229496739 0.6640625000000001 0.5283203125000002
3 0.7085179489684579 0.2577311248297531 0.5087890625000001 0.21093750000000008 0.47487992023540526 0.355671643812295 0.6746088067038631 0.402465268642048
3 0.7890624999999999 0.028320312500000094 0.5062025367227609 0.0043491291714204796 0.487016676768397 0.23074227663291502 0.7698766400456359 0.2547134599614947
3 0.5117187499999999 0.33886718749999994 0.5015654031390573 0.13376958090895755 0.38503091843096027 0.139538614805398 0.395184265291903 0.3446362213964404
3 0.55101710301221 0.3587372796608749 0.3994140625 0.3046875 0.36402195948779015 0.4039580328391252 0.515625 0.4580078125
3 0.5585851174033151 0.47893754316298354 0.4052734375000001 0.4121093750000001 0.37012582009668515 0.4927421443370167 0.5234375000000001 0.5595703125000002