3 0.37539079221073535 0.9100239431195307 0.34762949928567416 0.5070521805586019 0.22130595723278573 0.5157547874905981 0.24906725015784695 0.9187265500515271
3 0.507620055210861 0.6107342533617877 0.38597513096875663 0.568947604413867 0.27467860544539574 0.8929424151145794 0.39632352968750006 0.9347290640625001
3 0.3951001162582263 0.4462055281593772 0.3894779140229996 0.24741282259035224 0.3087607425819741 0.24969564408723727 0.31438294481720075 0.4484883496562622
3 0.3936805379486368 0.6605015445084433 0.3873355570710966 0.4160790948295977 0.3258999741490932 0.4176739057782354 0.33224495502663337 0.6620963554570809
3 0.4454637777146579 0.4175464197856121 0.437867646875 0.049261084375 0.3636719378281399 0.050791420392948594 0.37126806866779777 0.41907675580356063
3 0.4630665949221964 0.5696962408877795 0.46032491248505353 0.3814249513917185 0.40172901678139394 0.3822782484534712 0.40447069921853684 0.5705495379495321
3 0.535617140833004 0.14044305918610617 0.46017542770606523 0.1400547564453488 0.45825965981509836 0.5122612759415289 0.5337013729420372 0.5126495786822863
3 0.5419117640625 0.0012315265625000666 0.447100792876505 0.000967004608355675 0.44671184362608685 0.14037568353443364 0.5415228148120819 0.14064020548857803
3 0.5743618563917321 0.3079902651094581 0.5369316045784223 0.3078156709606267 0.5358690504272214 0.535610644107858 0.5732993022405313 0.5357852382566894
3 0.6590828471627996 0.14816306230116263 0.6041092460603792 0.14754376999788638 0.6019893451904001 0.33572402702090515 0.6569629462928206 0.33634331932418143
3 0.6313853555798146 0.2987463210551908 0.5819674095701792 0.2975169284933688 0.5756210066312029 0.5526235620725711 0.6250389526408383 0.5538529546343931
3 0.6754910410286511 0.30845052537862 0.6307594069846951 0.30688970235798696 0.6229154253310442 0.5316904082293669 0.6676470593750001 0.53325123125
3 0.6768962317881768 0.4652813250163198 0.5919873520541048 0.46265913849463214 0.5840111336174271 0.7209366356791904 0.6689200133514991 0.723558822200878
3 0.5472154904280494 0.7169191526636693 0.4660510967376549 0.7155476443094806 0.4638909385468006 0.843383489640322 0.545055332237195 0.8447549979945107
3 0.8218996374211688 0.49033200251432574 0.7180147062499997 0.34975369531250006 0.6267342715303222 0.4172083536227187 0.7306192027014913 0.5577866608245443
3 0.8015912768305202 0.7870492891995594 0.7420392581471102 0.515024813366568 0.653629387109328 0.5343796389781879 0.713181405792738 0.8064041148111795
3 0.7031309792645444 0.6273495379123377 0.6533987616958524 0.6247295624671374 0.6391093697995144 0.8959699468054085 0.6888415873682063 0.898589922250609
3 0.6469475272747706 0.8165452405536338 0.6121139010981964 0.8146195247362156 0.6041915262720414 0.9579247002085642 0.6390251524486156 0.9598504160259823
3 0.6486617920571301 0.6140773639107849 0.5785821950903756 0.6089885145201833 0.5616393121883279 0.8423124575363193 0.6317189091550824 0.8474013069269208
3 0.5899124121603988 0.7883586600754762 0.5585429699981541 0.7880465028683517 0.5570853247391763 0.9345288444608422 0.588454766901421 0.9348410016679667