3 0.15842088475251756 0.3723448100947764 0.044414935846146086 0.245617761641945 -0.0121378265898614 0.2964936513869301 0.10186812231651007 0.4232206998397615
3 0.15818604843209436 0.4387817930351957 0.0356125359375 0.35395189062500004 0.008275584524670854 0.39345194968862807 0.13084909701926523 0.4782818520988238
3 0.16436409703504362 0.4896333248210546 0.032763532812500065 0.3986254296875 -0.004361860271621864 0.4523100322121968 0.12723870395092168 0.5433179273457514
3 0.17013431888825664 0.5734009113866774 0.05968561672157717 0.4669833699477223 0.027925781805641536 0.4999462865877887 0.13837448397232102 0.6063638280267438
3 0.1914815065325874 0.6357006171968842 0.052706553124999944 0.5154639171875 0.00135023424009737 0.5747384212272925 0.14012518764768483 0.6949751212366767
3 0.34290034707207195 0.7780535496878906 0.17170349426498083 0.600638003167529 0.08983741264160452 0.6796345499778276 0.2610342654486956 0.8570500964981893
3 0.34757631377930975 0.6570157977434617 0.14882936067604974 0.48602483003973374 0.06803414844173354 0.5799350667764751 0.26678110154499357 0.7509260344802031
3 0.578347578125 1.0000000000000002 0.47897606179145685 0.8818766204137477 0.42475556928806324 0.9274897122105286 0.5241270856216065 1.045613091796781
3 0.6448116411861016 0.9974027486821244 0.49467869407405785 0.8373709234001009 0.45691499183655554 0.8727987259686614 0.6070479389485992 1.032830551250685
3 0.9116872530610793 0.9953119430792974 0.9074074078124997 0.7079037796875001 0.4694405880390461 0.7144256202313527 0.4737204332876256 1.0018337836231503
3 0.7369672736710127 0.8299231365967821 0.48433048437500015 0.7061855671875 0.43801206749038857 0.8007545504224712 0.6906488567864011 0.9244921198317531
3 0.9560960017770832 0.8868064918172311 0.9292627517525405 0.5531108302638627 0.4627273749368845 0.5906260330480816 0.48956062496142716 0.9243216946014503
3 0.758982302503109 0.6463344914457043 0.48735382936767646 0.5306988414503161 0.44094730143819183 0.6397079085114296 0.7125757745736244 0.7553435585068178
3 0.952991453125 0.3951890031250001 0.4700854703125 0.3951890031250001 0.47008547031250003 0.740549828125 0.952991453125 0.740549828125
3 0.9572649578125001 0.3213058421875002 0.4867711991274601 0.29737500205166717 0.47427671405576877 0.5430235965367334 0.9447704727408087 0.5669544366725663
3 1.0374946758869448 0.34037313825792354 0.9357574947010514 0.05756526163791702 0.4404849871175555 0.23573437574684625 0.5422221683034489 0.5185422523668527
3 0.740547153566336 0.28675317956448854 0.7240931479660643 0.05485007546081455 0.25943965929800034 0.08781820296510276 0.27589366489827216 0.3197213070687767
3 0.3051822690068142 0.2344998177755333 0.28632478593750005 0.23367697656250003 0.2831368184931859 0.30673729628696683 0.30199430156250007 0.3075601375000001
3 0.4974298579345279 0.3194017635769469 0.31171720276272646 0.23975592250780747 0.274967562810338 0.32544618731700437 0.46068021798213943 0.4050920283861438
3 0.5019330862272076 0.40103339614201217 0.2735042734375 0.3041237109375 0.22898319419656224 0.40906572218913084 0.45741200698626977 0.505975407393643
3 0.4959819740015427 0.5030034194191128 0.29183571685300236 0.4012963099041455 0.2506577412487082 0.48394864007712607 0.4548039983972486 0.5856557495920933
3 0.498292223791828 0.5718984701795661 0.2820512828125 0.4656357390625 0.2361060507451093 0.5591326792533262 0.45234699172443726 0.6653954103703923
3 0.4922689023958064 0.6577609996794267 0.29344729375000006 0.5549828171875001 0.2529948783990516 0.6332369183856379 0.45181648704485794 0.7360151008775644
3 0.49891260662337034 0.7262505068761254 0.29202279218749994 0.6082474234374999 0.24223290027418648 0.6955419347210559 0.4491227147100568 0.813545018159681
3 0.5235093817830613 0.7313477570282859 0.2920227921875 0.6116838484375 0.21792678406277094 0.755020568969452 0.4494133736583322 0.874684477560238
3 0.5257026411107607 0.8925689195504904 0.3289954795630966 0.7055042679592525 0.2401585872904457 0.7989203825005167 0.4368657488381098 0.9859850340917546
3 0.31390308813932266 0.5480151685588618 0.14245014218750005 0.45876288593750003 0.10538173528050199 0.5299710094642429 0.2768346812323246 0.6192232920856047
3 0.30806345607639046 0.4825746073212863 0.12393162343750004 0.36426116875000003 0.07825910369855149 0.43534155371997485 0.26239093633744187 0.5536549922912611
3 0.3065892503208889 0.39040278186523103 0.13172148375792836 0.31629470940610627 0.09681893283655996 0.3986518794746715 0.2716866993995205 0.4727599519337963
3 0.3000749372309701 0.3188984991718843 0.11228180412504618 0.21291517893160244 0.06714271190039245 0.2928976850014881 0.2549358450063164 0.39888100524176995
3 0.29928376705171267 0.22230503599469076 0.14245014218750002 0.1666666671875 0.11104810947851287 0.255182824714004 0.26788173434272555 0.31082119352119475
3 0.3814555150181269 0.20354150641530824 0.37464387499999996 0.017182131249999993 0.0929489740721897 0.027478389532472353 0.09976061409031665 0.21383776469778062
3 0.14529914531250002 0.23195876250000005 0.14191576794792002 0.1503391520571668 0.11958945940410001 0.15126464443028584 0.12297283676868001 0.23288425487311906