3 0.37381949326279484 0.039744501381051414 0.302107879243802 -0.040572509708594474 0.25178377228359244 0.004359726753156656 0.32349538630258523 0.08467673784280254
3 0.3771442445418839 0.17386057123192608 0.21389695129376193 0.003811308494606891 0.13521747729476646 0.07934360400571934 0.29846477054288845 0.2493928667430385
3 0.32626775735375746 0.20687354340175784 0.18134493745538838 0.18551649748125024 0.15106658887606625 0.3909767317436883 0.29598940877443536 0.4123337776641959
3 0.30366287503744765 0.42919375566017487 0.1549117297138381 0.40836859461202024 0.1286609117122392 0.5958744311522612 0.2774120570358488 0.6166995922004157
3 0.5308819817101009 0.6931974003699073 0.42663642258316575 0.6881210945074716 0.4171083060468905 0.883787758941677 0.5213538651738256 0.8888640648041128
3 0.419796244217358 0.43482224216449084 0.32497815539998187 0.4289224536096149 0.3131681499425957 0.6187262297918404 0.40798623875997186 0.6246260183467164
3 0.4331515562191681 0.21455553453178858 0.34177145771371154 0.20943824980226564 0.33034271335348964 0.4135230018985448 0.4217228118589462 0.4186402866280677
3 0.5393127239486596 0.22272310270273565 0.45026726930810446 0.2200986042583085 0.4440119294175332 0.43233328310518526 0.5330573840580883 0.4349577815496124
3 0.5409249113562249 0.44049246964318955 0.4398348123928784 0.43420241997142917 0.4278268515133122 0.627187534081601 0.5289169504766587 0.6334775837533615
3 0.5844404368313857 0.22149421402347444 0.46504964212625344 0.027677992090417013 0.39581945263816937 0.07032378952745544 0.5152102473433015 0.2641400114605129
3 0.4444844452762545 0.024301612582227107 0.3612078920811282 0.017639486327979757 0.34384888915091166 0.2346269578594463 0.42712544234603794 0.24128908411369365
3 0.6467432631622454 0.1949271091178318 0.5716559912072334 0.045944427039867855 0.5272652756153906 0.06831734775408885 0.6023525475704027 0.21730002983205274
3 0.55 0.03571428593750007 0.5133333328125 0.03571428593750007 0.5133333328125 0.14285714218750006 0.55 0.14285714218750006
3 0.6166666671875001 0.18452380937500007 0.5633333328125001 0.18452380937500007 0.5633333328125001 0.3452380953125001 0.6166666671875001 0.3452380953125001
3 0.6193125298711752 0.33563916805483185 0.5616666671875 0.3333333328125001 0.5553175856145857 0.49206032154113266 0.6129634482982609 0.49436615678346446
3 0.6166666671875001 0.5119047625 0.5599999999999999 0.5119047625 0.5599999999999999 0.6547619046875 0.6166666671875001 0.6547619046875
3 0.6166666671875001 0.702380953125 0.5566666671875 0.702380953125 0.5566666671875 0.8422619046875001 0.6166666671875002 0.8422619046875001
3 0.39085326260361364 0.6816438358375294 0.1692147878743866 0.6656286692439654 0.14703951295170156 0.9725186464322354 0.36867798768092863 0.9885338130257993
3 0.6463966691162961 0.0679702467981472 0.5979882261320115 -0.018473405710256418 0.5599248884959989 0.0028420623001375934 0.6083333314802835 0.08928571480854122
3 0.6566666671875 0.05357142812500008 0.6233333328125 0.05357142812500006 0.6233333328125 0.18452380937500007 0.6566666671875 0.18452380937500007
3 0.6566666671875 0.1666666671875001 0.6233333328125 0.1666666671875001 0.6233333328125 0.29166666718750006 0.6566666671875 0.29166666718750006
3 0.6599999999999999 0.2857142859375001 0.6233333328125 0.2857142859375001 0.6233333328125 0.41071428593750003 0.6599999999999999 0.41071428593750003
3 0.6599999999999999 0.4166666671875 0.6266666671875 0.4166666671875 0.6266666671875 0.5357142859375 0.6599999999999999 0.5357142859375
3 0.6633333328125001 0.559523809375 0.6266666671875 0.559523809375 0.6266666671875 0.672619046875 0.6633333328125001 0.672619046875
3 0.6666666671875001 0.7083333328125 0.6266666671875 0.7083333328125 0.6266666671875001 0.8214285718750001 0.6666666671875002 0.8214285718750001
3 0.7033333328125001 0.7142857140625 0.68 0.7142857140625 0.6800000000000002 0.8005952375 0.7033333328125002 0.8005952375
3 0.704326571100422 0.5906090059837497 0.6783333328125001 0.5892857140625001 0.6738082459421177 0.6781713631068363 0.6998014842300396 0.679494655028086
3 0.7 0.4702380953125 0.6733333328125 0.4702380953125 0.6733333328125 0.559523809375 0.7 0.559523809375
3 0.6966666671875 0.3571428578125001 0.67 0.3571428578125001 0.67 0.45238095312500004 0.6966666671875 0.45238095312500004
3 0.6933333328125 0.2559523812500001 0.6666666671875 0.2559523812500001 0.6666666671875 0.35119047656250013 0.6933333328125 0.35119047656250013
3 0.6924221254983506 0.2556326588240013 0.6880341797251475 0.15376966279880508 0.6616728395784925 0.15490522856445244 0.6660607853516958 0.25676822458964865
3 0.7133333328125 0.21428571406250008 0.6933333328125 0.21428571406250008 0.6933333328125 0.32142857187500007 0.7133333328125 0.32142857187500007
3 0.7166666671875 0.3154761906250001 0.6966666671875 0.3154761906250001 0.6966666671875 0.3988095234375001 0.7166666671875 0.3988095234375001
3 0.72 0.41071428593750003 0.7033333328125 0.41071428593750003 0.7033333328125 0.48809523749999995 0.72 0.48809523749999995
3 0.7233333328125 0.50595238125 0.7033333328125 0.50595238125 0.7033333328125 0.5833333328125 0.7233333328125 0.5833333328125
3 0.7318134806327442 0.6814552961575172 0.7279793870134862 0.6061426956805519 0.7050086183323592 0.6073121158980452 0.7088427119516172 0.6826247163750105
3 0.7333333328125 0.7142857140625002 0.71 0.7142857140625001 0.7100000000000001 0.7946428578125 0.7333333328125001 0.7946428578125001
3 1 0.6428571421875001 0.8933333328125 0.6428571421875001 0.8933333328125 1 1 1
3 1 0.16666666718750014 0.8699999999999999 0.16666666718750012 0.8699999999999999 0.6309523812500002 1 0.6309523812500002