3 0.2217176778188456 0.2676939799173601 0.21910938235960714 0.22420566535763736 0.08746621872906576 0.23210121774713705 0.09007451418830426 0.2755895323068598
3 0.3775407711960885 0.27108126098461793 0.37588179669275923 -0.000057167683202183 0.0036797815100233244 0.002220169602809795 0.005338756013352575 0.27335859827062986
3 0.5423076921875001 0.2376009234375001 0.3915384609375 0.2376009234375001 0.3915384609375 0.2704728953125001 0.5423076921875001 0.2704728953125001
3 0.6155329213866424 0.2639448368120755 0.5815795646820343 -0.0019208793373798772 0.357573419572779 0.026686647270688663 0.391526776277387 0.292552363420144
3 0.07401197122613645 0.26798379675530115 0.07253174302497958 0.23540626760767372 0.011120066733931332 0.2381966356160758 0.0126002949350882 0.27077416476370325
3 0.058461539062500026 0.095155709375 1.9845775662860847e-17 0.095155709375 2.8038337835052743e-17 0.22895040312499998 0.058461539062500026 0.22895040312499998
3 0.11807692343750005 0.2537485578125 3.202868065843738e-17 0.2537485578125 5.0285381806575486e-17 0.5519031140624999 0.11807692343750006 0.5519031140624999
3 0.5033660081799755 0.2765513679036215 0.04466983767103237 0.2665351576749476 0.038545896121330074 0.5469833983905354 0.49724206663027315 0.5569996086192093
3 0.715384615625 0.2722029984375001 0.50076923125 0.2722029984375001 0.50076923125 0.5588235296875 0.715384615625 0.5588235296875
3 0.7269230765625 8.108574861410632e-17 0.5973076921875 7.314909533435144e-17 0.5973076921875 0.025951557812500074 0.7269230765625 0.02595155781250008
3 0.9476923078124999 1.0430693606417573e-16 0.75 9.220177346524416e-17 0.75 0.12629757812500012 0.9476923078124999 0.12629757812500014
3 0.9582805767778033 0.1464005891772823 0.58576923125 0.0011534031250000742 0.49280499754659324 0.23957614110735226 0.8653163430743966 0.38482332715963447
3 0.9384615390625 0.27566320625000007 0.6853846156250001 0.27566320625000007 0.6853846156250001 0.5715109578125002 0.9384615390625 0.5715109578125002
3 0.9028378673114797 0.8085511151837557 0.8807867488215437 0.5440394144303058 0.667175149249689 0.5618472266350834 0.6892262677396251 0.8263589273885332
3 0.7020968875316693 0.7989657775414261 0.665767298420118 0.5610984593760046 0.47014265155888957 0.5909763051236846 0.5064722406704409 0.828843623289106
3 0.498569224902898 0.540975074160253 0.3000159159236302 0.5381119433768803 0.2962357112803465 0.8002627836045197 0.49478902025961424 0.8031259143878925
3 0.3364123099459032 0.5197542532977014 0.11328859398607727 0.4901487993003169 0.07295350243677481 0.7941372303122258 0.29607721839660084 0.8237426843096103
3 0.04153846093750006 0.555363321875 6.8012391449806e-17 0.555363321875 7.387431098126942e-17 0.6510957328125 0.04153846093750007 0.6510957328125
3 0.1389597533974843 0.5593339953445616 0.046174591202265504 0.5409874957986079 -0.0051433595432997855 0.800521712204684 0.08764180265191898 0.8188682117506376
3 0.32457285480150067 0.8702907391199318 0.30536080636121365 0.8663205264102307 0.2779111747631896 0.9991506013935402 0.29712322320347656 1.0031208141032413
3 0.3305191352292674 0.8444572100163903 0.26563929917566165 0.7160780393136814 -0.06025286014060986 0.8807763291675593 0.004626975912995856 1.0091554998702683