3 0.13457013619397645 0.36527575172627 0.1320794551560964 0.2381938318785542 -0.0005749716628800354 0.24079372858978418 0.0019157093749999992 0.3678756484375
3 0.13845309291690552 0.0002575555032347136 0.0019575959255458903 -0.0022657805047895884 -0.0024416932186025536 0.23570615673610112 0.13405380377275708 0.23822949274412544
3 0.1364343534158564 0.49477289461149815 0.13394514504433472 0.3677660379600292 -0.0005734989965216805 0.37040246991103104 0.001915709375000002 0.49740932656250003
3 0.13409961718750008 0.49740932656250003 8.455139170774733e-17 0.49740932656250003 1.0818770945141407e-16 0.8834196890625 0.1340996171875001 0.8834196890625
3 0.13409961718750013 0.8860103625000001 1.0866360844134464e-16 0.8860103625000001 1.1564346067636173e-16 1 0.13409961718750013 1
3 0.2874082855269157 0.9974083639312001 0.2854406125 0.891191709375 0.14554190509808432 0.8937833454438 0.147509578125 1
3 0.2873563218750001 0.756476684375 0.1455938703125001 0.756476684375 0.1455938703125001 0.891191709375 0.2873563218750001 0.891191709375
3 0.2895252968573255 0.7537717219305049 0.28720625824161716 0.6320177447364538 0.14519053950929176 0.6347227071809489 0.14750957812500004 0.7564766843750002
3 0.2856952691474689 0.6243109924854781 0.28337206212801347 0.5023381660961904 0.14518637110554455 0.5049701782982123 0.147509578125 0.6269430046875
3 0.28774954412546455 0.49473818674336834 0.2854305055395063 0.37298421111125046 0.14519053953904176 0.3756553509303822 0.147509578125 0.4974093265625001
3 0.2835249046875 0.243523315625 0.14559387031250004 0.243523315625 0.14559387031250004 0.3678756484375 0.2835249046875001 0.3678756484375
3 0.2835249046875 2.6862463360085678e-17 0.14559387031249998 1.8416623372564317e-17 0.14559387031249998 0.11398963750000002 0.2835249046875 0.11398963750000005
3 0.4291224992230621 0.11160554257201198 0.4270697780115884 -0.0022088681696977703 0.2948821444135262 0.0001752267582902367 0.29693486562499993 0.11398963749999999
3 0.5785440609375 0.05958549218750001 0.5774088574930764 -0.000014866236449120884 0.4406130265625001 0.002590673437499999 0.44174823000692376 0.06219103186144913
3 0.5785527800341328 0.1632122698655368 0.5766283531244334 0.06217616559524999 0.44060430902780057 0.06476700510471316 0.4425287359375 0.16580310937499998
3 0.4367816093750002 0.891191709375 0.2950191578125001 0.891191709375 0.2950191578125001 1 0.4367816093750002 1
3 0.43962977633104056 0.8878379999828947 0.4351757769892995 0.759388750337607 0.2927155294625627 0.7643285833880964 0.2971695288043038 0.8927778330333842
3 0.4329583101461387 0.7544239412142171 0.4310048221253672 0.6249775620993783 0.29490320473176046 0.6270314849746575 0.29685669275253196 0.7564778640894964
3 0.43295019218749997 0.5025906734375 0.2950191578125001 0.5025906734375 0.2950191578125001 0.6269430046875 0.43295019218749997 0.6269430046875
3 0.43295019218749997 0.37305699531250003 0.29118773906250006 0.3730569953125 0.29118773906250006 0.5025906734375 0.43295019218749997 0.5025906734375
3 0.43295019218749997 4.961930999844466e-17 0.2911877390625 4.0938863275504264e-17 0.29118773906250006 0.3678756484375 0.43295019218749997 0.36787564843750004
3 0.5785527800043828 0.2668392120536035 0.5765811108783688 0.16332280080493655 0.44046713139071353 0.16591535330687773 0.4424388005167275 0.2694317645555447
3 0.5785440609375001 0.37046632187500006 0.5766639141588243 0.27453560947063493 0.43888735195760137 0.27723589338500576 0.440767498736277 0.3731666057893709
3 0.5823754796875 0.3730569953125001 0.4406130265625 0.3730569953125001 0.4406130265625 0.48704663281249994 0.5823754796875 0.48704663281249994
3 0.582473908426378 0.691719718802384 0.580458615907781 0.5854313437617658 0.43874710874477163 0.5881182805041476 0.44076240126336863 0.694406655544766
3 0.7164750953125 7.988356987399995e-17 0.5823754796875 7.167233662189761e-17 0.5823754796875 0.1295336781250001 0.7164750953125 0.1295336781250001
3 0.7205631312583041 0.25023083749708086 0.7170521418175713 0.12301463342500549 0.579083198089263 0.12682238345270408 0.5825941875299958 0.2540385875247794
3 0.7165681253268954 0.37612765912797863 0.7145593875000001 0.2538860109375 0.581602527314484 0.2560708266558198 0.5836112651413793 0.37831247484629843
3 0.7222911757005315 0.4998826079268251 0.7198337526725901 0.3781318841227927 0.5856651816595586 0.3808399496334677 0.5881226046875001 0.5025906734375001
3 0.7203065140625 0.5051813468749999 0.586206896875 0.5051813468749999 0.586206896875 0.6295336781249999 0.7203065140625 0.6295336781249999
3 0.7221866377419288 0.7537707288639929 0.7196246766923352 0.6268407666234006 0.5855606436379064 0.6295467221344079 0.5881226046875001 0.7564766843750002
3 0.7203065140625002 0.756476684375 0.5862068968750002 0.756476684375 0.5862068968750002 0.8834196890625 0.7203065140625002 0.8834196890625
3 0.7258150310572715 0.9973773829717846 0.7236474455531562 0.8835749847510032 0.5857664323789894 0.8862011937775408 0.5879340178831047 1.0000035919983223
3 0.586206896875 0.69430051875 0.4406130265625001 0.69430051875 0.44061302656250023 0.8031088078125 0.5862068968750002 0.8031088078125
3 0.4329623331838414 0.3664178601667132 0.42902075154551006 -0.0013744860766013577 0.287330099572238 0.0001439937880437489 0.29127168121056946 0.3679363400313583
3 0.8586747241009501 0.1165714869608611 0.8563218390625 -2.7755575615628915e-18 0.7275321727740499 0.0025994974141389155 0.7298850578125 0.11917098437500002
3 0.862068965625 0.1191709843750001 0.72413793125 0.1191709843750001 0.72413793125 0.24352331562500007 0.862068965625 0.24352331562500007
3 0.8624722948923372 0.37045863969345566 0.8601532562499999 0.2487046625 0.7182361919810141 0.2514077459115909 0.7205552306233514 0.37316172310504653
3 0.862373641936865 0.4948128499787135 0.8601532562499999 0.3782383421875 0.7238332549381347 0.3808348187712865 0.726053640625 0.49740932656250003
3 0.8659003828125 0.4974093265625002 0.72413793125 0.4974093265625001 0.72413793125 0.6269430046875001 0.8659003828125 0.6269430046875002
3 0.8663037150100955 0.7486969802580099 0.8639846749696833 0.6269430030958165 0.7275660177720878 0.6295413603378066 0.7298850578125 0.7512953375
3 0.8681694002231051 0.8781951243873376 0.8657225296507788 0.749729725657232 0.7274381872401735 0.7523636168948943 0.7298850578124999 0.8808290156249999
3 0.8712670318741733 0.997380886254384 0.8692020924284689 0.8859137093743508 0.7278201183667956 0.8885328231199667 0.7298850578125 1
3 1.0004753149882406 0.9973991236505961 0.9980842906250003 0.8860103624999999 0.8769193209492595 0.888611238849404 0.8793103453125 1.0000000000000002
3 1.0005864843804315 0.878225752960115 0.998084290625 0.7616580312500001 0.8713415953654057 0.7643786367141251 0.8738437891208373 0.88094635842424
3 1.0000116074515355 0.7546551697734103 0.9980572470577178 0.6251509835305604 0.8690694983921791 0.6270975503141772 0.8710238587859969 0.7566017365570271
3 1.0001178535217399 0.5019906179276059 0.998084290625 0.3782383421874999 0.8735542724644623 0.38028468535934956 0.8755878353612021 0.5040369610994555
3 1.000009933880627 0.3710977150314815 0.998053948910739 0.24677615626364718 0.86431351547235 0.24888033095598955 0.8662695004422382 0.37320188972382384
3 1.0005417136535777 0.2461030550855571 0.998084290625 0.12435233125 0.8638111831521803 0.12706250673009048 0.8662686061807578 0.24881323056564758
3 1.0000089857018728 0.12233278513009668 0.9980539489099602 -0.001928506261088006 0.8642320160823566 0.00017695071037694132 0.8661870528742691 0.12443824210156165
3 1.0000383792384262 0.6267916990149379 0.998084290625 0.5025906734375 0.8717602986381964 0.5045781632605213 0.8737143872516226 0.6287791888379591
3 0.284375 0.11562500000000002 0.1421875 0.115625 0.14218750000000002 0.240625 0.284375 0.240625
3 0.5796875000000001 0.803125 0.44531250000000017 0.803125 0.44531250000000017 0.9046875 0.5796875000000001 0.9046875
3 0.5796875000000001 0.9078125 0.44531250000000017 0.9078125 0.44531250000000017 1 0.5796875000000001 1