3 0.11356119062500011 0.7923076921875001 1.0972364300152714e-16 0.7923076921875001 1.2241757808532948e-16 0.999615384375 0.11356119062500014 0.999615384375
3 0.7457039689235968 0.8003743125838229 0.2170476216787794 0.7321642741990637 0.1940612785272405 0.9103180547095242 0.7227176257720579 0.9785280930942835
3 0.7487891184226918 0.9011932018711082 0.22529699195579095 0.8416612732653606 0.20866286264689857 0.9879329618831685 0.7321549891137993 1.0474648904889161
3 0.2761977072003505 0.8572119453721493 0.05326218639253346 0.7325864095183932 -0.0012281931999726936 0.8300611450952664 0.22170732760784434 0.9546866809490225
3 0.2217732238714218 0.7321166733072252 0.1319632683856542 0.7292875694985306 0.12918096195224943 0.8176119413946458 0.21899091743801705 0.8204410452033402
3 0.1600286474358389 0.6912830365576275 0.04264353987605881 0.6848735729167361 0.03819004372280642 0.7664364234540868 0.1555751512825865 0.772845887094978
3 0.041012424413210166 0.7283286655627161 0.039305324718847956 0.6783053968574005 -0.0017032521630460345 0.6797048601646408 0.000003847531316178432 0.7297281288699564
3 1.0020035644727938 0.8932018162479073 0.9999999999999998 0.7926923078125 0.7359686578822352 0.7979555294221374 0.7379722223550292 0.8984650378575447
3 1.0163625709521766 0.9566264708576879 0.9962083195560645 0.8466099505337104 0.7254589546346036 0.8962093266082833 0.7456132060307159 1.006225846932261
3 0.9792774385348014 0.6071013984029234 0.9762876390427664 0.5028034055945148 0.7812659762632366 0.5083938839212181 0.7842557757552717 0.6126918767296268
3 0.9296795188213351 0.7145735590938734 0.8969893801544572 0.7020293487691956 0.8941591740682423 0.7094048492606213 0.9268493127351203 0.7219490595852991
3 1.009030565867573 0.6675843684815995 0.9967842963662866 0.6280911603110092 0.9057356795050595 0.6563240122734457 0.9179819490063459 0.695817220444036
3 0.3324897769571705 0.37519764142511114 0.31976925424854075 0.16005667177236338 -0.0013309246052053622 0.17904218682069156 0.011389598103424405 0.3941831564734393
3 0.294747833533064 0.25362282320345964 0.25411746679928293 0.21001129218773462 0.24310956935487577 0.22026672004631745 0.28373993608865683 0.26387825106204243
3 0.49141529522639527 0.1833315339000294 0.23042987594913486 0.13367131771795335 0.2167153346811265 0.20574702697187988 0.47770075395838685 0.2554072431539559
3 0.5342436085482924 0.3496621709642334 0.5267281241129445 0.24298543006118783 0.3094856042330357 0.25829038560287554 0.31700108866838383 0.3649671265059211
3 0.7507423385880676 0.2848800827697196 0.52132635004867 0.05586862535106496 0.3834981616958401 0.19394027659493449 0.6129141502352378 0.42295173401358915
3 0.9126669068325883 0.32157746324970826 0.9063059008051676 0.24011079413831737 0.6986177970549979 0.2563273069059138 0.7049788030824188 0.3377939760173047
3 1.0000028123341962 0.2647272616294194 0.8782212435488976 0.2634715143372376 0.8775962525121168 0.324082745123711 0.9993778212974153 0.32533849241589274
3 1.0154441671715142 0.033976362138442996 0.790353421452137 -0.018371635634974858 0.7749092542806227 0.04803661785158229 1 0.10038461562500015
3 0.8502877510818374 0.025544590398055973 0.6686908366170662 0.02141310618684994 0.6672665070031305 0.08401866144225913 0.8488634214679018 0.08815014565346516
3 0.5923124477194538 0.026184183904297414 0.4697415140680901 0.024231745966605274 0.46906983352225406 0.06639877726077079 0.5916407671736177 0.06835121519846293
3 0.3751382697235837 0.03082497706407642 0.30003488291594793 0.006975392173283313 0.2755030085048642 0.08422733854670691 0.3506063953125 0.10807692343750001
3 0.9139985619943862 0.3219233366185193 0.8991539798104977 0.11979491413918633 0.6060679170610382 0.1413195473009649 0.6209124992449266 0.34344796978029785