3 0.42268342569177386 0.25532507367444185 0.011503077266208537 0.24728348280296836 0.009633502238832484 0.34287806395620823 0.4208138506643978 0.3509196548276817
3 0.42583425384672974 0.33259576938066365 0.025835539225770403 0.32883160972816927 0.024928442221182644 0.42522434260048375 0.42492715684214194 0.4289885022529781
3 0.4274193546875 0.4044740031250001 0.03874414438248018 0.39766874069602776 0.036957202592378766 0.49972799018413105 0.42563241289739856 0.5065332526131034
3 0.42580645156249997 0.467351875 0.051612903125000054 0.46372430468749987 0.05057921181917822 0.570352318590251 0.42477276025667815 0.5739798889027512
3 0.42797439984471525 0.5314518244898565 0.06290322656250005 0.52297460625 0.06023971208145203 0.6376787850428345 0.4253108853636672 0.646156003282691
3 0.43380283628838373 0.5914078785197143 0.07258064531250008 0.58101571875 0.06913644981234787 0.7007328778664317 0.43035864078823155 0.711125037636146
3 0.43709677343750003 0.6348246671875 0.0887096781250001 0.6348246671875 0.0887096781250001 0.7684401453125 0.4370967734375001 0.7684401453125
3 0.4404224339853383 0.6952945880130522 0.10161290312500007 0.6946795640624999 0.10137869456679649 0.8237023308298245 0.44018822542713476 0.8243173547803767
3 0.44354549888743044 0.7487168241685345 0.1096774187500001 0.7382103984375 0.10550112391503744 0.8709226618020234 0.43936920405246777 0.8814290875330579
3 0.4454385905618892 0.7908345724083237 0.12098829250556191 0.7889964898595875 0.12019288632390239 0.9293981126771952 0.4446431843802297 0.9312361952259313
3 0.8451612906250002 0.23639661406250015 0.4291451171991068 0.23154864043735043 0.4281266085722154 0.31894929364274327 0.8441427819981089 0.323797267267893
3 0.8418603710794358 0.4055774417968868 0.8402670025867114 0.31297298581636596 0.4336028939192567 0.3199701197124806 0.43519626241198106 0.4125745756930015
3 0.8358198759006689 0.4878321513385913 0.8346774187499999 0.38573155937500003 0.43854955645481014 0.39016404208792743 0.4396920136054788 0.4922646340515187
3 0.8425307280384876 0.5629816690579281 0.8382007062431857 0.4532435280219014 0.453030240558983 0.4684414937936345 0.4573602623542848 0.5781796348296612
3 0.8361518685163464 0.635223761177967 0.8346774187499999 0.5235792015625 0.46117181962484544 0.5285119564164399 0.4626462693911919 0.6401565160319069
3 0.8364302770286087 0.5901764948118393 0.47121304960211485 0.5834386256607229 0.46911593801719836 0.6971097673035245 0.8343331654436922 0.7038476364546409
3 0.8392934081634049 0.7661035117499901 0.8379032265624999 0.64207980625 0.47733589579545327 0.6461214051290123 0.4787260773963581 0.7701451106290025
3 0.8392531374833905 0.8266502682473662 0.8379032265624999 0.6940749703125001 0.4837291596759665 0.6976812487688476 0.4850790705968572 0.8302565467037137
3 0.8462721281223258 0.8827552504104599 0.837352630805969 0.7396550119971826 0.4919354843749999 0.7611850062500001 0.5008549816913568 0.9042852446632772
3 0.8468527802310408 0.9449799604167778 0.8433258948716462 0.7991433451438621 0.49833713042763045 0.8074864887377823 0.5018640157870251 0.953323104010698
3 0.9935483875000001 0.24365175312500012 0.8420559995262857 0.24301009454690403 0.8417630305293523 0.3121786126073837 0.9932554185030666 0.31282027118547984
3 0.9865407046340549 0.3777911815413387 0.9838709671874998 0.307738815625 0.8394724005125267 0.31324193112493093 0.8421421379590818 0.3832942970412697
3 0.9811081985792265 0.43681767191184157 0.9732526131588667 0.3676182417278123 0.8275835214811229 0.38415473617202284 0.8354391069014827 0.4533541663560521
3 0.9722312221724584 0.5015710057998464 0.9669354843749998 0.42563482499999994 0.833214244990492 0.43496045363015334 0.8385099827879505 0.5108966344299997
3 0.9744301176402475 0.547844429798902 0.9581823181369747 0.477047708874666 0.8257609746888617 0.507438317510361 0.8420087741921346 0.5782350384345969
3 0.9695393737121849 0.602855239746288 0.9524193546875 0.530834340625 0.826154997704384 0.5608485201210125 0.8432750167290688 0.6328694192423004
3 0.9554093350412485 0.6653082253818318 0.9427419359375 0.5864570734375002 0.8299276039835093 0.6045806408457846 0.8425950030872578 0.6834317927901161
3 0.9456873390709415 0.7218503013986324 0.9362903218749998 0.637243046875 0.8335997773631145 0.6486485087124274 0.8429967945590562 0.7332557632360597
3 0.9215526082023722 0.7226806017486922 0.8653212849419083 0.6856779722456473 0.7972810244424664 0.7890758640780492 0.8535123477029304 0.8260784935810941
3 0.4715440195642654 0.627868051646946 0.46532258125 0.5659008468750001 0.425041823453881 0.5699449900762741 0.4312632617681464 0.63191219484822
3 0.46668573173405664 0.5679457639332544 0.4604838703125 0.5114873031250001 0.42157950020867085 0.5157608789296317 0.4277813616302274 0.5722193397378861
3 0.46129032187499996 0.5108827078125 0.4548626574126874 0.46229856015391935 0.41966181393601065 0.4669556185065423 0.42608947839832323 0.5155397661651231
3 0.47806883676067713 0.6812450687359157 0.47177419374999996 0.623941959375 0.4299449649694913 0.628536824566815 0.4362396079801686 0.6858399339277308
3 0.4858019995970427 0.7347045291176864 0.4836171499491648 0.6757373619754902 0.4367728592487582 0.6774730351814806 0.43895770889663605 0.7364402023236768
3 0.4919354843750002 0.7267230953125 0.4419354843750002 0.7267230953125 0.4419354843750002 0.78355501875 0.4919354843750002 0.78355501875
3 0.49838709687500016 0.7714631203125 0.4435483875000002 0.7714631203125 0.4435483875000002 0.8307134218750001 0.49838709687500016 0.8307134218750001