3 0.11923076875000002 0.180412371875 2.225195863220857e-17 0.180412371875 2.966927814438625e-17 0.3015463921875 0.11923076875000005 0.3015463921875
3 0.37822714099011245 0.28297850623361553 0.3724171630606727 0.20494603050122923 0.2905583374937982 0.21104090273755904 0.29636831542323805 0.2890733784699454
3 0.27692307656250004 0.18041237187500003 0.15000000000000002 0.180412371875 0.15000000000000005 0.29381443281249997 0.27692307656250004 0.29381443281249997
3 0.1423076921875 0.17525773125 2.193632792510051e-17 0.17525773125 2.966927814438625e-17 0.3015463921875 0.14230769218750003 0.3015463921875
3 0.8107744829921583 0.10133408367835253 0.38653623830730405 0.040686968036906315 0.35307293858559735 0.2747691891804659 0.7773111832704515 0.33541630482191215
3 0.5832690164204205 0.5147845201834655 0.46496256811303915 0.19111021328103925 0.14320077881421778 0.30871761578780343 0.2615072271215992 0.6323919226902297
3 0.1563714155000861 0.3708650072264338 0.1237373712080198 0.2978149244054106 0.09167466361943341 0.31213846490204605 0.1243087079114997 0.3851885477230692
3 0.3299870112422417 0.6865921147590154 0.18125787374833413 0.33302118200386827 -0.14757265413202234 0.4713433014502096 0.0011564833618852965 0.8249142342053567
3 0.13846153906250003 0.03092783437500001 2.0358174867937876e-17 0.030927834375 3.692878239868543e-17 0.3015463921875 0.13846153906250006 0.3015463921875
3 0.7677629069387788 0.9133260178134043 0.5852893987126071 0.559327425572078 0.2625796872058171 0.7256726441348575 0.4450531954319887 1.079671236376184
3 0.4139978787392855 0.9941654232048119 0.25876195137939006 0.6936514306605959 -0.03362971224664837 0.8446916224034556 0.12160621511324701 1.1452056149476717
3 0.9872198354955293 0.7857577956495726 0.7874508456293862 0.4740902258880618 0.5426864616606434 0.6309764036128095 0.7424554515267865 0.9426439733743202
3 0.842760526743581 0.4855840078612748 0.7208882108308801 0.18679593687653445 0.4511930296270634 0.29680158809104806 0.5730653455397644 0.5955896590757884
3 0.8831351132457005 0.3055141336336603 0.6805613896672428 0.22993854541382763 0.6540901555940578 0.3008923623834565 0.8566638791725156 0.3764679506032892
3 0.9208903180034682 0.523525044690681 0.906369260564355 0.47554172691057994 0.7646670079745095 0.5184246838277906 0.7791880654136228 0.5664080016078917
3 0.9306386165819305 0.9376120711044521 0.817225488056858 0.8823404464254849 0.7881600344843503 0.9419805246899605 0.9015731630094228 0.9972521493689277
3 1 0.8608247421874999 0.9115384609375001 0.8608247421874999 0.9115384609375001 1 1 1