3 0.28020001684861245 0.00002896385627441725 0.05951441054521228 -0.002839949309692158 0.058986227036665215 0.037789547325454455 0.2796718333400654 0.04065846049142103
3 0.2990741741503572 0.04673940159429833 0.03662086003100966 -0.000648000503816018 0.009796480376885786 0.14791780027260076 0.2722497944962333 0.19530520237071514
3 0.3057236021093007 0.1914902049746749 0.043830426205495036 0.1104280326748593 0.0013387743062793999 0.2477087562178414 0.2632319502100851 0.328770928517657
3 0.31533162793507385 0.34021234693175983 0.05155917374884378 0.2187671122192975 -0.002653853746082224 0.33651486366511685 0.26111860044014784 0.4579600983775792
3 0.2934093384423247 0.45965517169891734 0.055944056250000075 0.32670454531250004 0.02095839867403302 0.3891929989194384 0.25842368086635764 0.5221436253058559
3 0.2983389686804337 0.5253452438164127 0.06167481165139266 0.3745298488993411 0.01966609978189273 0.4404512118207977 0.25633025681093374 0.5912666067378692
3 0.29455194643820437 0.5932182778323991 0.06627045102122062 0.4299970087724769 0.02723754722143914 0.48458848267291665 0.25551904263842296 0.6478097517328388
3 0.29767638165462335 0.6538761965802982 0.06885106761767332 0.47809674984241274 0.026978915093317467 0.5326048770927856 0.25580422913026746 0.7083843238306711
3 0.29535774451374275 0.7204722509852849 0.08671957691919921 0.5162111087246615 0.04462734646459423 0.5592053157227342 0.2532655140591378 0.7634664579833577
3 0.29654761459109247 0.7803966004876829 0.07668390418656931 0.575151487888336 0.03531667224697475 0.6194651038776149 0.2551803826514979 0.8247102164769619
3 0.3196415289518588 0.9183191994739641 0.0844751287023442 0.6717737776157637 0.022411000624747945 0.730973406936107 0.25757740087426256 0.9775188287943074
3 0.18452237159041657 0.7312858892523207 0.08293998956081557 0.6244750021475076 0.05323142609861118 0.6527293002342455 0.15481380812821216 0.7595401873390586
3 0.2959138472570234 0.8344207270649312 0.17433896075920505 0.7275417055743088 0.13678745191822078 0.7702565467236081 0.2583623384160392 0.8771355682142306
3 0.4512026971270496 0.989811583392935 0.2860561170118843 0.8172923902355709 0.2015182522819437 0.8982175267080876 0.36666483239710895 1.0707367198654516
3 0.5421797628767939 0.996295396039603 0.2908042259967546 0.7439956853147776 0.24058731757458857 0.7940286492005173 0.49196285445462795 1.0463283599253428
3 0.6816714243151127 0.9444166108418847 0.2824690239290205 0.6808806529468694 0.21609795816267283 0.7814190727577408 0.615300358548765 1.0449550306527562
3 0.7154118397685452 0.8349774775262115 0.27890730534883645 0.6047596246188306 0.19740492256280134 0.7592922084425006 0.63390945698251 0.9895100613498815
3 0.7147784491090123 0.7446856275615777 0.27805638169754976 0.533148375895262 0.20908185213453065 0.6755474044928874 0.6458039195459933 0.8870846561592032
3 0.7294681248911534 0.6292770351143175 0.2763861004767937 0.4482299148490769 0.2115542567029456 0.6104757599116022 0.6646362811173053 0.7915228801768427
3 0.7457103071686326 0.5166363553405631 0.2727937845083114 0.3719417074336967 0.21944527628775168 0.5463046943288423 0.6923617989480728 0.6909993422357088
3 0.7583873173804047 0.3982792979168666 0.27272727343750003 0.28125000000000006 0.22848502323187062 0.4648509748111313 0.7141450671747751 0.5818802727279978
3 0.7853819924234826 0.1567498327960347 0.27272727343750003 0.07670454531250007 0.22584714583704493 0.3769510607114486 0.7385018648230275 0.45699634819498325
3 0.7832167828125 0.0028409093750000653 0.28321678281249996 0.0028409093750000345 0.28321678281249996 0.15625000000000006 0.7832167828125 0.15625000000000008
3 1.0000047405274646 0.9978600961963636 0.9972019003607899 0.5833900636505758 0.6807635926458254 0.5855299674542122 0.6835664328125 1