3 0.3733333328125001 0.44444444375 0.16888888906250005 0.44444444375 0.16888888906250005 0.64 0.3733333328125001 0.64
3 0.5125701555039999 0.6377560013438532 0.5105171986327929 0.5002078693207063 0.35970502355505507 0.502458796952609 0.361757980426262 0.6400069289757561
3 0.6345828097379628 0.6331823893563991 0.6301132071837621 0.5303815510372575 0.5095681337305202 0.5356226422288515 0.514037736284721 0.6384234805479931
3 0.8846919347418061 0.5337711651451131 0.6267124813834963 0.5311115816865593 0.6255931042171109 0.6396911070092602 0.8835725575754205 0.6423506904678141
3 0.9066666671875 0.6355555562500002 0.7511111109375 0.6355555562500002 0.7511111109375002 0.7511111109375002 0.9066666671875 0.7511111109375002
3 0.782222221875 0.6355555562500002 0.63555555625 0.63555555625 0.6355555562500002 0.8266666671875 0.7822222218750001 0.8266666671875
3 0.6540420418919695 0.7126966958479319 0.652333932836712 0.639248046105306 0.5241345336488294 0.6422294290905441 0.525842642704087 0.7156780788331701
3 0.5295351404115092 0.7133215827815135 0.5282793565043635 0.6442535058563228 0.3988675913642544 0.6466064483341375 0.4001233752714001 0.7156745252593282
3 0.40444444375 0.64444444375 0.27111111093750007 0.64444444375 0.27111111093750007 0.7111111109375 0.40444444375 0.7111111109375
3 0.29777777812500006 0.63555555625 0.13777777812500008 0.63555555625 0.13777777812500008 0.7111111109375 0.29777777812500006 0.7111111109375
3 0.2291148422517324 0.8235011504549317 0.22657014413729226 0.7089897979285233 0.06980805002461139 0.7124734019250112 0.07235274813905154 0.8269847544514196
3 0.33797521146427656 0.7133377202193542 0.196711638106789 0.7101985301907973 0.19412964880729627 0.8263880668225825 0.33539322216478384 0.8295272568511394
3 0.45519130547995135 0.8244106624102037 0.4532099575700162 0.7154365872685552 0.3233135038968501 0.7177983422699973 0.32529485180678525 0.8267724174116458
3 0.5733333328125001 0.72 0.4533333328125 0.72 0.4533333328125001 0.82444444375 0.5733333328125002 0.82444444375
3 0.6852297897010232 0.8064516842555127 0.6831940326477792 0.7148426025456149 0.5597981792538695 0.7175847321925775 0.5618339363071134 0.8091938139024751
3 0.9852873555464108 0.7501149408403317 0.7693026820295037 0.7374099621471464 0.7641072805745392 0.8257318014936089 0.9800919540914463 0.8384367801867944
3 0.9839668781557147 0.9329828610612949 0.9791450025191347 0.8172578474785658 0.7371577126781935 0.8273406513696356 0.7419795883147735 0.9430656649523648
3 0.7526951137580523 0.9417530043291416 0.7497202535615262 0.804909462481012 0.5109924944173363 0.8100991974066988 0.5139673546138624 0.9469427392548283
3 0.512256835090118 0.9553720257430749 0.5108647936671097 0.8286962356949454 0.2702100941561253 0.8313407924033239 0.2716021355791337 0.9580165824514534
3 0.2888888890625001 0.8266666671875 0.022222221875000107 0.8266666671875 0.022222221875000114 0.9533333328125 0.2888888890625001 0.9533333328125