3 0.1911764703125001 0.6554054046875 0.08529411718750009 0.6554054046875 0.0852941171875001 0.9391891890625 0.19117647031250012 0.9391891890625
3 0.1524986942575662 0.6456680348721123 0.11729911079485289 0.6065113748212794 0.04597488226727338 0.6706277507254284 0.0811744657299867 0.7097844107762613
3 0.2648489583624201 0.6934507461690265 0.21158617819322983 0.5933376536486353 0.14077869051852837 0.6310090865791694 0.19404147068771865 0.7311221790995606
3 0.2852941171875001 0.8108108109375 0.19705882343750009 0.8108108109375 0.1970588234375001 0.9797297296874999 0.2852941171875001 0.9797297296874999
3 0.3202863297663582 0.818823672972569 0.29884731327635466 0.6881717728423752 0.18137581840847594 0.7074479817078274 0.20281483489847946 0.8380998818380212
3 0.38987179878240025 0.6151939626310537 0.3286559776057443 0.6118631016597149 0.32017296356221514 0.7677671382424907 0.3813887847388711 0.7710979992138295
3 0.38842552820982607 0.6188987841757063 0.3516751560583534 0.4922589751226461 0.2757187866513928 0.5143012133718444 0.31246915880286547 0.6409410224249046
3 0.31851427008960415 0.5573112097411658 0.2565736743150164 0.48990527149345625 0.21351951103076455 0.5294685591462849 0.2754601068053523 0.5968744973939945
3 0.4017869040812004 0.7781712121689226 0.34825183580636165 0.7470998783846371 0.25893587641978855 0.900988862262478 0.31247094469462733 0.9320601960467634
3 0.7020321018777965 0.7843071762251977 0.6204484102305547 0.6240192179416733 0.32715146582242643 0.7733020943967194 0.4087351574696682 0.9335900526802436
3 0.5828013782421493 0.6474745572861355 0.5022806243585904 0.5549844966580175 0.4487415320895658 0.6015949977482579 0.5292622859731246 0.6940850583763758
3 0.49411764687500004 0.547297296875 0.43235294062499996 0.547297296875 0.43235294062499996 0.6452702703125001 0.49411764687500004 0.6452702703125001
3 0.7422230141861071 0.5150099590528183 0.7035620709300102 0.48309311612702627 0.576394364568056 0.6371316434055034 0.615055307824153 0.6690484863312955