3 0.25877192968750007 0.16176470625 0.25767543906250007 0.0026737968750000004 0.008756111428408885 0.004389405329338069 0.009852602053408873 0.16348031470433808
3 0.2609649125 0.32754010625 0.25765408118646493 0.16472509652881667 0.008771929687500003 0.16978609687500001 0.012082761001035077 0.33260110659618336
3 0.26315789531250006 0.3328877 0.011811958039560356 0.3315494734565513 0.010953536502732652 0.4927783526814474 0.26229947377567236 0.49411657922489605
3 0.2609649124999999 0.6590909093749999 0.25986842031249996 0.49465240625000007 0.008738522957762233 0.49632696522046105 0.00983501514526221 0.6607654683454609
3 0.2631905141782704 0.8270047553709736 0.26094441553453995 0.49563919678971863 0.006189554424005274 0.4973660043386806 0.008435653067735732 0.8287315629199357
3 0.26535087656250006 0.830213903125 0.011854726821593758 0.8288642283220693 0.010951422929415793 0.9985229181159795 0.2644475726703221 0.9998725929189103
3 0.5043859656249999 0.9999999999999998 0.5032894734374999 0.8957219249999999 0.26660005553216026 0.8982107329070997 0.26769654771966034 1.0024888079070995
3 0.5043859656250002 0.700534759375 0.26973684218750005 0.700534759375 0.26973684218750005 0.8943850265625001 0.5043859656250003 0.8943850265625001
3 0.5022237820369819 0.6965464009804535 0.5010964754716282 0.4999973579673703 0.26432350031178603 0.5013553687991925 0.26545080687713984 0.6979044118122756
3 0.5022357304764611 0.49579990164193066 0.4989033730958704 0.30213111727706043 0.2653508765625 0.3061497328125001 0.2686832339430908 0.4998185171773703
3 0.5022795967353849 0.2977441434400526 0.49890170915053017 0.10417491346615529 0.26311125031765453 0.108289584292847 0.2664891379025093 0.3018588142667443
3 0.4978070171874999 0.10026737968750002 0.4944878614882344 -0.000904753501422026 0.2631578953125 0.0066844921875 0.26647705101176544 0.10785662537642204
3 0.7500000000000001 0.0013368984375000514 0.502692871659768 -0.000003232922387048573 0.5021787517885369 0.09487217465519912 0.749485880128769 0.09621230601508622
3 0.7521929828125 0.2901069515625 0.7511117357673631 0.09234782173793706 0.5065283392149492 0.09368508022530217 0.507609586260086 0.2914442100498651
3 0.7521929828125 0.4906417109375001 0.7510972483413328 0.2902328436842618 0.5065284703228515 0.29157002224486633 0.5076242047940187 0.49197888949810464
3 0.7566092608296315 0.6884011220865043 0.755489548319572 0.4946270212184813 0.5065557265524405 0.49606547100697707 0.5076754390625 0.6898395718750001
3 0.7589085266386334 0.8888437054780821 0.75548245625 0.69251336875 0.5065381077448031 0.6968575820541953 0.5099641781334365 0.8931879187822774
3 0.7576754390625002 0.893048128125 0.5087719296875002 0.893048128125 0.5087719296875002 1 0.7576754390625002 1
3 1 1.0000000000000002 0.9989035093749999 0.893048128125 0.7609488048875573 0.8954876843297768 0.7620452955125574 1.002439556204777
3 1.0000000000000002 0.6965240640625001 0.7620240479807062 0.6951869557387745 0.7609127137824931 0.8929800657946829 0.9988886658017873 0.8943171741184086
3 1.0000179843096606 0.6911763683246197 0.9989035093749999 0.49465240625 0.758756908288508 0.49601426240601043 0.7598713832231686 0.6925382244806302
3 1.000007712979166 0.4906416676008159 0.998903509375 0.2941176468750001 0.7587419535009396 0.2954670353853655 0.7598461571051056 0.4919910561111814
3 1.0000166864874114 0.09464355299067831 0.7576469444847793 0.09327261781609568 0.7565188035811035 0.2927183865409007 0.9988885455837357 0.2940893217154833
3 1 0.0013368984375000865 0.7570878835331791 -0.000003241528906654245 0.7565647300209786 0.09482291847765503 0.9994768464877994 0.09616305844406178