3 0.44508036422195374 0.019824294868247504 0.07514130647022967 -0.040987607160396934 0.02318213237112492 0.2750973575678323 0.393121190122849 0.3359092595964768
3 0.7026143796875 0.05147058750000004 0.33544965698041695 0.009611418566946878 0.29898394196459155 0.32946784389432116 0.6661486646716746 0.37132701282737435
3 0.9944559907155368 0.08364028794384833 0.6239536928208078 0.038188332831003105 0.5823595709146376 0.37724344513340685 0.9528618688093665 0.422695400246252
3 0.597222221875 0.36437908437500005 0.28349724174302 0.3162898545790743 0.2580218461784975 0.48248648532676164 0.5717468263104776 0.5305757151226873
3 0.9572357617195741 0.29794396480087143 0.5763537468765999 0.26787433104119407 0.5531883546862765 0.5613026222733241 0.9340703695292507 0.5913722560330015
3 0.3196742910578275 0.32271808101568167 0.012349587627519426 0.27345228990734627 -0.013018239685929623 0.4316992160276082 0.29430646374437847 0.4809650071359436
3 0.29615320998329075 0.8656809942448584 0.29491623151656415 0.7333243432538014 0.00961954530436653 0.7359906683295 0.010856523771093132 0.868347319320557
3 0.29844665622467126 0.9566951893893068 0.29166666718749995 0.8251633984374998 0.01102967209066169 0.8396292225277261 0.01780966112783299 0.9711610134795331
3 0.1732026140625 0.99918300625 0.17286619112859178 0.9362719394850497 0.01960784375 0.937091503125 0.01994426668390824 1.0000025698899502
3 0.4640522875000002 0.9052287578125 0.1748366015625001 0.9052287578125 0.17483660156250014 1 0.4640522875000002 1
3 0.8123362824094496 0.6668351515272399 0.5359445325544885 0.6495606681937252 0.5144324919647015 0.9937533382012079 0.7908242418196625 1.0110278215347226
3 0.9992305182033917 0.8466330744178393 0.780944814606523 0.8290293891326135 0.7671568625000001 1.0000000000000002 0.9854425660968689 1.0176036852852257